338.731	-69.63
339.117	-69.63
339.503	-69.63
339.889	-126.97
340.274	-135.17
340.66	-118.78
341.046	-131.07
341.431	-118.78
341.817	-40.96
342.202	-8.19
342.588	-65.53
342.973	-45.06
343.359	-114.69
343.744	-102.4
344.129	36.86
344.515	-45.06
344.9	131.07
345.285	81.92
345.67	28.67
346.055	176.13
346.44	77.82
346.825	139.26
347.21	73.73
347.595	147.45
347.98	180.22
348.365	81.92
348.75	176.13
349.134	237.56
349.519	151.55
349.904	122.88
350.288	114.69
350.673	151.55
351.057	73.73
351.442	221.18
351.826	258.04
352.211	204.8
352.595	200.7
352.979	204.8
353.364	163.84
353.748	172.03
354.132	196.61
354.516	135.17
354.9	110.59
355.284	184.32
355.668	315.39
356.052	172.03
356.436	221.18
356.82	196.61
357.204	180.22
357.587	139.26
357.971	335.87
358.355	294.91
358.738	241.66
359.122	208.89
359.506	212.99
359.889	155.65
360.272	163.84
360.656	204.8
361.039	135.17
361.423	200.7
361.806	151.55
362.189	245.76
362.572	180.22
362.955	204.8
363.338	135.17
363.721	286.72
364.104	237.56
364.487	1388.52
364.87	151.55
365.253	143.36
365.636	253.95
366.019	253.95
366.401	253.95
366.784	208.89
367.167	217.08
367.549	188.41
367.932	180.22
368.314	184.32
368.697	237.56
369.079	90.11
369.462	237.56
369.844	167.93
370.226	217.08
370.609	147.45
370.991	180.22
371.373	212.99
371.755	208.89
372.137	237.56
372.519	184.32
372.901	221.18
373.283	172.03
373.665	278.52
374.047	69.63
374.428	159.74
374.81	282.62
375.192	233.47
375.574	180.22
375.955	131.07
376.337	204.8
376.718	245.76
377.1	176.13
377.481	286.72
377.863	217.08
378.244	258.04
378.625	221.18
379.006	208.89
379.388	249.85
379.769	266.24
380.15	180.22
380.531	217.08
380.912	221.18
381.293	204.8
381.674	258.04
382.055	221.18
382.436	241.66
382.816	294.91
383.197	151.55
383.578	352.25
383.959	442.36
384.339	356.35
384.72	389.11
385.1	745.46
385.481	303.1
385.861	348.15
386.242	425.98
386.622	511.99
387.002	475.13
387.383	385.02
387.763	339.96
388.143	319.48
388.523	475.13
388.903	548.86
389.283	516.09
389.663	475.13
390.043	552.95
390.423	483.32
390.803	737.27
391.183	774.13
391.562	823.28
391.942	712.69
392.322	765.94
392.701	835.57
393.081	790.52
393.461	909.3
393.84	901.11
394.22	958.45
394.599	1060.85
394.978	987.12
395.358	1175.53
395.737	1269.74
396.116	1064.94
396.495	1314.8
396.874	1421.29
397.254	1552.36
397.633	1605.61
398.012	1884.13
398.391	2133.98
398.769	2719.7
399.148	3629
399.527	4960.18
399.906	7028.63
400.285	10116.97
400.663	17530.61
401.042	30723.63
401.421	44850.52
401.799	58563.71
402.178	64490.54
402.556	64490.54
402.934	64490.54
403.313	64490.54
403.691	59182.2
404.069	47213.87
404.448	35093.99
404.826	27438.69
405.204	19566.29
405.582	12906.3
405.96	8908.66
406.338	6201.25
406.716	3817.41
407.094	3153.87
407.472	2564.06
407.85	2105.31
408.227	2179.04
408.605	1847.27
408.983	1834.98
409.361	1638.37
409.738	1621.99
410.116	1613.8
410.493	1675.24
410.871	1753.06
411.248	1495.02
411.625	1548.26
412.003	1454.06
412.38	1449.96
412.757	1597.42
413.134	1499.11
413.512	1560.55
413.889	1413.1
414.266	1429.48
414.643	1368.04
415.02	1404.91
415.397	1396.71
415.774	1400.81
416.15	1257.45
416.527	1290.22
416.904	1359.85
417.281	1355.76
417.657	1286.12
418.034	1253.36
418.41	1101.81
418.787	1236.97
419.163	1216.49
419.54	1007.6
419.916	1167.34
420.292	1224.69
420.669	1327.08
421.045	1159.15
421.421	1155.05
421.797	1191.92
422.173	1007.6
422.549	1114.1
422.925	1204.21
423.301	1183.73
423.677	1110
424.053	1216.49
424.429	1167.34
424.805	1134.57
425.181	1052.66
425.556	1163.25
425.932	1269.74
426.307	1110
426.683	1282.03
427.059	1101.81
427.434	1118.19
427.809	1110
428.185	1245.16
428.56	1474.54
428.935	1290.22
429.311	1163.25
429.686	1298.41
430.061	1351.66
430.436	1425.39
430.811	1527.78
431.186	1703.91
431.561	1495.02
431.936	1556.46
432.311	1646.57
432.686	1589.22
433.06	1630.18
433.435	1556.46
433.81	1568.74
434.185	1601.51
434.559	1863.65
434.934	1789.92
435.308	1892.32
435.683	1953.76
436.057	1953.76
436.431	2056.16
436.806	1937.38
437.18	1978.34
437.554	1978.34
437.928	1847.27
438.303	2170.85
438.677	2215.9
439.051	2220
439.425	2105.31
439.799	2224.09
440.173	2133.98
440.546	2056.16
440.92	2224.09
441.294	2351.07
441.668	2314.2
442.041	2158.56
442.415	2236.38
442.789	2150.37
443.162	2084.83
443.536	2002.91
443.909	2179.04
444.283	2113.5
444.656	2310.11
445.029	2359.26
445.403	2244.57
445.776	2256.86
446.149	2236.38
446.522	2142.18
446.895	1974.24
447.268	2228.19
447.641	2211.81
448.014	2121.7
448.387	2199.52
448.76	2097.12
449.133	2265.05
449.505	2215.9
449.878	2072.54
450.251	1994.72
450.624	2047.97
450.996	2072.54
451.369	2039.78
451.741	2166.75
452.114	2031.58
452.486	2166.75
452.858	2285.53
453.231	1990.63
453.603	1978.34
453.975	2052.06
454.347	2133.98
454.719	1966.05
455.091	2056.16
455.464	2215.9
455.835	1970.15
456.207	2326.49
456.579	2273.25
456.951	2207.71
457.323	2023.39
457.695	2154.46
458.066	2101.22
458.438	2080.74
458.81	2101.22
459.181	2269.15
459.553	2170.85
459.924	2449.37
460.296	2224.09
460.667	2162.65
461.038	2232.29
461.41	2314.2
461.781	2346.97
462.152	2236.38
462.523	2420.7
462.894	2359.26
463.266	2256.86
463.637	2330.59
464.008	2355.16
464.378	2744.28
464.749	2445.27
465.12	2510.81
465.491	2498.52
465.862	2449.37
466.232	2699.22
466.603	2465.75
466.974	2691.03
467.344	2539.48
467.715	2568.15
468.085	2510.81
468.456	2592.73
468.826	2592.73
469.196	2727.89
469.567	2408.41
469.937	2703.32
470.307	2625.5
470.677	2523.1
471.047	2551.77
471.417	2580.44
471.787	2641.88
472.157	2510.81
472.527	2617.3
472.897	2568.15
473.267	2785.24
473.637	2633.69
474.006	2707.41
474.376	2842.58
474.746	2756.57
475.115	2736.09
475.485	2580.44
475.854	2605.02
476.224	2682.84
476.593	2568.15
476.963	2670.55
477.332	2719.7
477.701	2691.03
478.07	2605.02
478.44	2670.55
478.809	2641.88
479.178	2731.99
479.547	2670.55
479.916	2879.44
480.285	2678.74
480.654	2600.92
481.022	2420.7
481.391	2510.81
481.76	2416.6
482.129	2359.26
482.497	2531.29
482.866	2703.32
483.235	2547.67
483.603	2547.67
483.972	2473.95
484.34	2535.39
484.708	2265.05
485.077	2564.06
485.445	2486.23
485.813	2416.6
486.181	2367.45
486.55	2424.8
486.918	2535.39
487.286	2342.88
487.654	2375.64
488.022	2359.26
488.39	2355.16
488.758	2346.97
489.125	2404.32
489.493	2363.36
489.861	2420.7
490.229	2252.77
490.596	2301.92
490.964	2191.33
491.331	2220
491.699	2428.89
492.066	2154.46
492.434	2195.42
492.801	2281.44
493.168	2269.15
493.536	2166.75
493.903	2056.16
494.27	1925.09
494.637	2162.65
495.004	2256.86
495.371	2056.16
495.738	2162.65
496.105	2084.83
496.472	2121.7
496.839	2023.39
497.206	2072.54
497.573	2056.16
497.939	2052.06
498.306	2043.87
498.673	2011.11
499.039	2109.41
499.406	2002.91
499.772	2056.16
500.139	1847.27
500.505	1847.27
500.871	1843.17
501.238	1920.99
501.604	2015.2
501.97	1839.08
502.336	1798.12
502.702	1933.28
503.069	1896.42
503.435	1855.46
503.801	1834.98
504.166	1671.14
504.532	1810.4
504.898	1720.29
505.264	1621.99
505.63	1716.2
505.995	1679.33
506.361	1777.64
506.727	1699.81
507.092	1695.72
507.458	1515.5
507.823	1765.35
508.189	1609.7
508.554	1621.99
508.919	1638.37
509.284	1572.84
509.65	1650.66
510.015	1458.15
510.38	1597.42
510.745	1531.88
511.11	1519.59
511.475	1581.03
511.84	1449.96
512.205	1445.87
512.57	1376.23
512.935	1519.59
513.299	1425.39
513.664	1421.29
514.029	1376.23
514.393	1339.37
514.758	1388.52
515.122	1400.81
515.487	1277.93
515.851	1425.39
516.216	1269.74
516.58	1306.6
516.944	1241.07
517.309	1220.59
517.673	1245.16
518.037	1384.43
518.401	1376.23
518.765	1179.63
519.129	1089.52
519.493	1191.92
519.857	1265.64
520.221	1224.69
520.585	1298.41
520.948	1069.04
521.312	1060.85
521.676	1138.67
522.039	1150.96
522.403	1249.26
522.767	1052.66
523.13	1036.27
523.494	1032.18
523.857	1191.92
524.22	1208.3
524.584	1003.5
524.947	1118.19
525.31	1048.56
525.673	999.41
526.036	1085.42
526.399	946.16
526.762	1040.37
527.125	1110
527.488	1110
527.851	1040.37
528.214	958.45
528.577	966.64
528.94	917.49
529.302	901.11
529.665	983.02
530.028	1007.6
530.39	757.75
530.753	983.02
531.115	921.59
531.477	868.34
531.84	925.68
532.202	917.49
532.564	913.39
532.927	880.63
533.289	974.83
533.651	851.95
534.013	847.86
534.375	880.63
534.737	823.28
535.099	958.45
535.461	917.49
535.823	901.11
536.185	995.31
536.546	839.67
536.908	888.82
537.27	823.28
537.631	827.38
537.993	876.53
538.354	925.68
538.716	761.84
539.077	700.41
539.439	708.6
539.8	831.48
540.161	774.13
540.522	794.61
540.884	929.78
541.245	815.09
541.606	745.46
541.967	782.32
542.328	720.88
542.689	827.38
543.05	847.86
543.411	741.36
543.771	794.61
544.132	716.79
544.493	757.75
544.854	827.38
545.214	704.5
545.575	745.46
545.935	790.52
546.296	618.49
546.656	638.97
547.017	643.06
547.377	643.06
547.737	757.75
548.098	638.97
548.458	634.87
548.818	679.93
549.178	733.17
549.538	720.88
549.898	655.35
550.258	602.1
550.618	614.39
550.978	622.58
551.338	548.86
551.697	524.28
552.057	585.72
552.417	552.95
552.776	786.42
553.136	610.29
553.496	696.31
553.855	675.83
554.214	565.24
554.574	667.64
554.933	626.68
555.292	630.77
555.652	548.86
556.011	544.76
556.37	618.49
556.729	585.72
557.088	516.09
557.447	573.43
557.806	417.79
558.165	573.43
558.524	417.79
558.883	622.58
559.242	552.95
559.6	536.57
559.959	483.32
560.318	425.98
560.676	548.86
561.035	528.38
561.393	655.35
561.752	528.38
562.11	581.62
562.469	499.7
562.827	573.43
563.185	471.03
563.543	557.05
563.901	499.7
564.26	552.95
564.618	438.27
564.976	483.32
565.334	471.03
565.692	430.07
566.049	413.69
566.407	417.79
566.765	589.82
567.123	520.18
567.48	585.72
567.838	520.18
568.196	667.64
568.553	409.59
568.911	507.9
569.268	454.65
569.626	475.13
569.983	524.28
570.34	454.65
570.697	413.69
571.055	409.59
571.412	417.79
571.769	454.65
572.126	315.39
572.483	368.63
572.84	454.65
573.197	335.87
573.554	499.7
573.911	462.84
574.267	405.5
574.624	315.39
574.981	380.92
575.337	499.7
575.694	393.21
576.051	380.92
576.407	360.44
576.764	376.83
577.12	462.84
577.476	364.54
577.833	294.91
578.189	393.21
578.545	548.86
578.901	413.69
579.257	368.63
579.613	499.7
579.969	352.25
580.325	290.81
580.681	294.91
581.037	307.2
581.393	397.31
581.749	405.5
582.105	434.17
582.46	425.98
582.816	282.62
583.172	430.07
583.527	425.98
583.883	303.1
584.238	344.06
584.593	421.88
584.949	475.13
585.304	475.13
585.659	356.35
586.015	327.67
586.37	438.27
586.725	356.35
587.08	450.55
587.435	430.07
587.79	434.17
588.145	290.81
588.5	294.91
588.854	364.54
589.209	389.11
589.564	282.62
589.919	348.15
590.273	372.73
590.628	339.96
590.982	430.07
591.337	397.31
591.691	294.91
592.046	421.88
592.4	344.06
592.754	266.24
593.109	356.35
593.463	290.81
593.817	405.5
594.171	184.32
594.525	393.21
594.879	319.48
595.233	253.95
595.587	409.59
595.941	356.35
596.295	380.92
596.649	479.22
597.002	385.02
597.356	397.31
597.71	311.29
598.063	307.2
598.417	405.5
598.77	335.87
599.124	294.91
599.477	278.52
599.83	421.88
600.184	319.48
600.537	331.77
600.89	200.7
601.243	262.14
601.596	278.52
601.949	282.62
602.302	356.35
602.655	393.21
603.008	413.69
603.361	339.96
603.714	315.39
604.067	360.44
604.419	360.44
604.772	262.14
605.125	299
605.477	327.67
605.83	311.29
606.182	315.39
606.535	331.77
606.887	344.06
607.239	319.48
607.592	356.35
607.944	303.1
608.296	339.96
608.648	344.06
609	319.48
609.352	417.79
609.704	307.2
610.056	368.63
610.408	376.83
610.76	270.33
611.112	176.13
611.464	241.66
611.815	364.54
612.167	315.39
612.519	241.66
612.87	368.63
613.222	356.35
613.573	299
613.925	249.85
614.276	368.63
614.627	327.67
614.978	319.48
615.33	172.03
615.681	331.77
616.032	303.1
616.383	335.87
616.734	331.77
617.085	372.73
617.436	278.52
617.787	364.54
618.138	258.04
618.489	372.73
618.839	315.39
619.19	135.17
619.541	221.18
619.891	364.54
620.242	311.29
620.592	335.87
620.943	278.52
621.293	405.5
621.643	258.04
621.994	385.02
622.344	331.77
622.694	241.66
623.044	274.43
623.395	258.04
623.745	319.48
624.095	307.2
624.445	319.48
624.795	233.47
625.144	245.76
625.494	241.66
625.844	294.91
626.194	180.22
626.543	262.14
626.893	315.39
627.243	245.76
627.592	335.87
627.942	335.87
628.291	217.08
628.64	389.11
628.99	294.91
629.339	258.04
629.688	380.92
630.038	311.29
630.387	221.18
630.736	323.58
631.085	274.43
631.434	299
631.783	368.63
632.132	266.24
632.481	299
632.829	245.76
633.178	344.06
633.527	249.85
633.875	303.1
634.224	278.52
634.573	237.56
634.921	184.32
635.27	241.66
635.618	294.91
635.966	331.77
636.315	376.83
636.663	303.1
637.011	335.87
637.359	339.96
637.708	278.52
638.056	307.2
638.404	380.92
638.752	208.89
639.1	233.47
639.447	233.47
639.795	278.52
640.143	184.32
640.491	307.2
640.839	290.81
641.186	335.87
641.534	331.77
641.881	286.72
642.229	303.1
642.576	221.18
642.924	159.74
643.271	319.48
643.618	233.47
643.966	344.06
644.313	335.87
644.66	221.18
645.007	290.81
645.354	385.02
645.701	303.1
646.048	339.96
646.395	307.2
646.742	258.04
647.089	241.66
647.435	229.37
647.782	241.66
648.129	348.15
648.475	348.15
648.822	196.61
649.169	294.91
649.515	241.66
649.861	270.33
650.208	266.24
650.554	286.72
650.9	225.28
651.247	241.66
651.593	196.61
651.939	167.93
652.285	356.35
652.631	221.18
652.977	167.93
653.323	184.32
653.669	339.96
654.015	241.66
654.361	217.08
654.706	143.36
655.052	208.89
655.398	192.51
655.743	147.45
656.089	299
656.434	188.41
656.78	188.41
657.125	229.37
657.47	262.14
657.816	180.22
658.161	307.2
658.506	114.69
658.851	245.76
659.196	217.08
659.542	233.47
659.887	303.1
660.232	237.56
660.576	135.17
660.921	258.04
661.266	241.66
661.611	339.96
661.956	221.18
662.3	233.47
662.645	176.13
662.989	282.62
663.334	163.84
663.678	249.85
664.023	188.41
664.367	200.7
664.712	221.18
665.056	163.84
665.4	204.8
665.744	229.37
666.088	258.04
666.432	266.24
666.776	237.56
667.12	339.96
667.464	339.96
667.808	241.66
668.152	323.58
668.496	294.91
668.84	278.52
669.183	266.24
669.527	266.24
669.871	307.2
670.214	290.81
670.558	278.52
670.901	270.33
671.244	204.8
671.588	225.28
671.931	126.97
672.274	196.61
672.618	237.56
672.961	217.08
673.304	180.22
673.647	286.72
673.99	143.36
674.333	163.84
674.676	245.76
675.019	233.47
675.361	278.52
675.704	286.72
676.047	233.47
676.389	167.93
676.732	565.24
677.075	245.76
677.417	307.2
677.76	241.66
678.102	245.76
678.444	307.2
678.787	122.88
679.129	221.18
679.471	139.26
679.813	176.13
680.155	200.7
680.498	249.85
680.84	184.32
681.182	249.85
681.523	245.76
681.865	151.55
682.207	180.22
682.549	196.61
682.891	278.52
683.232	286.72
683.574	167.93
683.916	270.33
684.257	278.52
684.599	245.76
684.94	286.72
685.281	258.04
685.623	253.95
685.964	233.47
686.305	139.26
686.646	208.89
686.988	155.65
687.329	90.11
687.67	139.26
688.011	331.77
688.352	147.45
688.692	249.85
689.033	204.8
689.374	155.65
689.715	196.61
690.055	131.07
690.396	188.41
690.737	200.7
691.077	352.25
691.418	290.81
691.758	258.04
692.099	118.78
692.439	221.18
692.779	249.85
693.119	270.33
693.46	188.41
693.8	221.18
694.14	196.61
694.48	208.89
694.82	192.51
695.16	167.93
695.5	155.65
695.84	335.87
696.179	286.72
696.519	282.62
696.859	176.13
697.199	139.26
697.538	208.89
697.878	286.72
698.217	135.17
698.557	135.17
698.896	110.59
699.235	319.48
699.575	323.58
699.914	163.84
700.253	212.99
700.592	143.36
700.931	253.95
701.271	110.59
701.61	114.69
701.949	204.8
702.287	303.1
702.626	225.28
702.965	167.93
703.304	188.41
703.643	372.73
703.981	249.85
704.32	172.03
704.658	229.37
704.997	204.8
705.335	290.81
705.674	221.18
706.012	159.74
706.35	229.37
706.689	217.08
707.027	204.8
707.365	221.18
707.703	163.84
708.041	143.36
708.379	163.84
708.717	245.76
709.055	241.66
709.393	180.22
709.731	233.47
710.069	94.21
710.406	196.61
710.744	167.93
711.082	204.8
711.419	217.08
711.757	221.18
712.094	172.03
712.432	286.72
712.769	258.04
713.106	90.11
713.444	249.85
713.781	163.84
714.118	270.33
714.455	290.81
714.792	208.89
715.129	294.91
715.466	147.45
715.803	241.66
716.14	307.2
716.477	286.72
716.814	290.81
717.15	212.99
717.487	131.07
717.824	188.41
718.16	253.95
718.497	217.08
718.833	147.45
719.17	237.56
719.506	143.36
719.842	126.97
720.179	311.29
720.515	221.18
720.851	126.97
721.187	167.93
721.523	163.84
721.859	102.4
722.195	241.66
722.531	258.04
722.867	225.28
723.203	258.04
723.539	241.66
723.874	245.76
724.21	221.18
724.546	233.47
724.881	212.99
725.217	274.43
725.552	274.43
725.888	221.18
726.223	212.99
726.559	241.66
726.894	184.32
727.229	163.84
727.564	233.47
727.899	221.18
728.234	262.14
728.569	262.14
728.904	184.32
729.239	151.55
729.574	139.26
729.909	262.14
730.244	135.17
730.579	151.55
730.913	221.18
731.248	221.18
731.583	266.24
731.917	221.18
732.252	237.56
732.586	319.48
732.92	184.32
733.255	184.32
733.589	196.61
733.923	167.93
734.257	102.4
734.592	131.07
734.926	122.88
735.26	225.28
735.594	131.07
735.928	192.51
736.261	172.03
736.595	233.47
736.929	180.22
737.263	249.85
737.596	282.62
737.93	167.93
738.264	204.8
738.597	98.3
738.931	253.95
739.264	217.08
739.598	184.32
739.931	114.69
740.264	204.8
740.597	221.18
740.931	315.39
741.264	253.95
741.597	155.65
741.93	237.56
742.263	258.04
742.596	204.8
742.929	278.52
743.261	131.07
743.594	262.14
743.927	208.89
744.26	204.8
744.592	208.89
744.925	159.74
745.257	135.17
745.59	155.65
745.922	147.45
746.255	163.84
746.587	188.41
746.919	122.88
747.252	172.03
747.584	196.61
747.916	258.04
748.248	126.97
748.58	221.18
748.912	135.17
749.244	221.18
749.576	180.22
749.908	155.65
750.239	208.89
750.571	139.26
750.903	86.01
751.234	221.18
751.566	110.59
751.897	159.74
752.229	98.3
752.56	233.47
752.892	192.51
753.223	106.49
753.554	204.8
753.886	221.18
754.217	200.7
754.548	237.56
754.879	159.74
755.21	163.84
755.541	221.18
755.872	196.61
756.203	245.76
756.534	245.76
756.864	196.61
757.195	188.41
757.526	249.85
757.856	188.41
758.187	200.7
758.517	790.52
758.848	184.32
759.178	114.69
759.509	163.84
759.839	204.8
760.169	184.32
760.499	90.11
760.83	282.62
761.16	147.45
761.49	344.06
761.82	237.56
762.15	200.7
762.48	278.52
762.81	299
763.139	245.76
763.469	241.66
763.799	274.43
764.129	241.66
764.458	278.52
764.788	237.56
765.117	61.44
765.447	196.61
765.776	184.32
766.105	200.7
766.435	208.89
766.764	221.18
767.093	143.36
767.422	143.36
767.751	163.84
768.081	110.59
768.41	131.07
768.739	180.22
769.067	258.04
769.396	270.33
769.725	258.04
770.054	323.58
770.383	131.07
770.711	184.32
771.04	188.41
771.368	245.76
771.697	172.03
772.025	180.22
772.354	266.24
772.682	249.85
773.01	151.55
773.339	233.47
773.667	163.84
773.995	233.47
774.323	266.24
774.651	331.77
774.979	176.13
775.307	106.49
775.635	249.85
775.963	180.22
776.291	135.17
776.618	184.32
776.946	126.97
777.274	102.4
777.601	188.41
777.929	266.24
778.256	249.85
778.584	126.97
778.911	237.56
779.238	262.14
779.566	204.8
779.893	200.7
780.22	204.8
780.547	196.61
780.874	192.51
781.201	221.18
781.528	208.89
781.855	237.56
782.182	258.04
782.509	167.93
782.836	237.56
783.162	212.99
783.489	212.99
783.816	286.72
784.142	221.18
784.469	155.65
784.795	118.78
785.122	110.59
785.448	212.99
785.774	167.93
786.101	221.18
786.427	258.04
786.753	139.26
787.079	208.89
787.405	180.22
787.731	147.45
788.057	221.18
788.383	184.32
788.709	151.55
789.035	221.18
789.361	212.99
789.686	303.1
790.012	188.41
790.338	237.56
790.663	184.32
790.989	274.43
791.314	196.61
791.64	221.18
791.965	245.76
792.29	221.18
792.615	45.06
792.941	147.45
793.266	196.61
793.591	188.41
793.916	245.76
794.241	258.04
794.566	249.85
794.891	315.39
795.216	217.08
795.54	147.45
795.865	200.7
796.19	143.36
796.514	188.41
796.839	204.8
797.164	258.04
797.488	221.18
797.813	270.33
798.137	167.93
798.461	208.89
798.786	233.47
799.11	315.39
799.434	319.48
799.758	344.06
800.082	221.18
800.406	139.26
800.73	208.89
801.054	253.95
801.378	151.55
801.702	122.88
802.026	172.03
802.349	204.8
802.673	147.45
802.997	122.88
803.32	241.66
803.644	221.18
803.967	192.51
804.291	159.74
804.614	221.18
804.937	221.18
805.26	331.77
805.584	204.8
805.907	180.22
806.23	282.62
806.553	274.43
806.876	151.55
807.199	172.03
807.522	159.74
807.845	188.41
808.168	151.55
808.49	221.18
808.813	221.18
809.136	212.99
809.458	348.15
809.781	221.18
810.103	180.22
810.426	110.59
810.748	237.56
811.07	212.99
811.393	221.18
811.715	274.43
812.037	159.74
812.359	233.47
812.681	192.51
813.003	245.76
813.325	204.8
813.647	217.08
813.969	172.03
814.291	196.61
814.613	221.18
814.935	241.66
815.256	192.51
815.578	172.03
815.899	233.47
816.221	196.61
816.542	192.51
816.864	180.22
817.185	77.82
817.507	110.59
817.828	139.26
818.149	114.69
818.47	249.85
818.791	172.03
819.112	192.51
819.433	139.26
819.754	159.74
820.075	200.7
820.396	176.13
820.717	299
821.038	192.51
821.358	262.14
821.679	188.41
822	176.13
822.32	122.88
822.641	131.07
822.961	172.03
823.281	274.43
823.602	360.44
823.922	143.36
824.242	106.49
824.563	262.14
824.883	221.18
825.203	196.61
825.523	155.65
825.843	221.18
826.163	352.25
826.483	147.45
826.802	114.69
827.122	172.03
827.442	221.18
827.762	172.03
828.081	176.13
828.401	233.47
828.72	180.22
829.04	188.41
829.359	253.95
829.679	196.61
829.998	184.32
830.317	212.99
830.636	139.26
830.955	176.13
831.275	204.8
831.594	159.74
831.913	249.85
832.232	159.74
832.55	188.41
832.869	192.51
833.188	184.32
833.507	262.14
833.826	167.93
834.144	245.76
834.463	98.3
834.781	94.21
835.1	172.03
835.418	204.8
835.737	282.62
836.055	389.11
836.373	245.76
836.691	200.7
837.01	159.74
837.328	151.55
837.646	102.4
837.964	299
838.282	204.8
838.6	94.21
838.918	180.22
839.235	118.78
839.553	286.72
839.871	221.18
840.189	221.18
840.506	188.41
840.824	188.41
841.141	139.26
841.459	249.85
841.776	180.22
842.093	221.18
842.411	40.96
842.728	208.89
843.045	180.22
843.362	163.84
843.679	221.18
843.996	270.33
844.313	237.56
844.63	262.14
844.947	221.18
845.264	159.74
845.581	176.13
845.898	126.97
846.214	172.03
846.531	249.85
846.847	188.41
847.164	147.45
847.48	249.85
847.797	221.18
848.113	278.52
848.43	217.08
848.746	200.7
849.062	249.85
849.378	237.56
849.694	184.32
850.01	294.91
850.326	167.93
850.642	241.66
850.958	217.08
851.274	102.4
851.59	221.18
851.906	196.61
852.221	131.07
852.537	249.85
852.853	204.8
853.168	172.03
853.484	180.22
853.799	208.89
854.114	151.55
854.43	225.28
854.745	249.85
855.06	307.2
855.375	131.07
855.691	208.89
856.006	270.33
856.321	217.08
856.636	204.8
856.951	196.61
857.265	196.61
857.58	69.63
857.895	262.14
858.21	200.7
858.524	221.18
858.839	208.89
859.153	28.67
859.468	204.8
859.782	221.18
860.097	221.18
860.411	131.07
860.725	212.99
861.04	237.56
861.354	196.61
861.668	196.61
861.982	110.59
862.296	192.51
862.61	184.32
862.924	262.14
863.238	163.84
863.552	192.51
863.865	143.36
864.179	126.97
864.493	270.33
864.806	204.8
865.12	184.32
865.434	126.97
865.747	245.76
866.06	241.66
866.374	221.18
866.687	86.01
867	167.93
867.314	184.32
867.627	270.33
867.94	221.18
868.253	217.08
868.566	221.18
868.879	135.17
869.192	118.78
869.504	151.55
869.817	778.23
870.13	221.18
870.443	253.95
870.755	118.78
871.068	266.24
871.38	241.66
871.693	266.24
872.005	233.47
872.318	319.48
872.63	237.56
872.942	221.18
873.254	212.99
873.566	188.41
873.879	192.51
874.191	192.51
874.503	221.18
874.815	131.07
875.126	86.01
875.438	258.04
875.75	221.18
876.062	49.15
876.374	172.03
876.685	217.08
876.997	110.59
877.308	241.66
877.62	241.66
877.931	147.45
878.243	143.36
878.554	204.8
878.865	262.14
879.176	188.41
879.487	135.17
879.799	159.74
880.11	270.33
880.421	221.18
880.732	167.93
881.043	155.65
881.353	172.03
881.664	131.07
881.975	90.11
882.286	208.89
882.596	135.17
882.907	262.14
883.217	159.74
883.528	188.41
883.838	204.8
884.149	221.18
884.459	258.04
884.769	180.22
885.079	126.97
885.39	217.08
885.7	225.28
886.01	143.36
886.32	98.3
886.63	229.37
886.94	274.43
887.249	221.18
887.559	212.99
887.869	196.61
888.179	253.95
888.488	110.59
888.798	155.65
889.107	278.52
889.417	245.76
889.726	98.3
890.036	180.22
890.345	159.74
890.654	122.88
890.964	159.74
891.273	167.93
891.582	61.44
891.891	286.72
892.2	237.56
892.509	217.08
892.818	249.85
893.127	196.61
893.435	135.17
893.744	16.38
894.053	192.51
894.362	98.3
894.67	229.37
894.979	348.15
895.287	262.14
895.596	249.85
895.904	196.61
896.212	282.62
896.521	147.45
896.829	278.52
897.137	176.13
897.445	143.36
897.753	163.84
898.061	204.8
898.369	204.8
898.677	245.76
898.985	221.18
899.293	90.11
899.6	151.55
899.908	241.66
900.216	221.18
900.523	184.32
900.831	258.04
901.138	114.69
901.446	241.66
901.753	258.04
902.061	73.73
902.368	233.47
902.675	135.17
902.982	135.17
903.289	212.99
903.596	143.36
903.903	159.74
904.21	196.61
904.517	176.13
904.824	184.32
905.131	155.65
905.438	188.41
905.744	249.85
906.051	163.84
906.358	221.18
906.664	139.26
906.971	241.66
907.277	221.18
907.583	98.3
907.89	98.3
908.196	245.76
908.502	245.76
908.808	159.74
909.115	159.74
909.421	159.74
909.727	221.18
910.033	147.45
910.338	40.96
910.644	163.84
910.95	208.89
911.256	212.99
911.562	249.85
911.867	143.36
912.173	221.18
912.478	114.69
912.784	212.99
913.089	241.66
913.395	196.61
913.7	212.99
914.005	229.37
914.31	204.8
914.616	143.36
914.921	221.18
915.226	159.74
915.531	204.8
915.836	159.74
916.141	184.32
916.445	176.13
916.75	176.13
917.055	217.08
917.36	249.85
917.664	167.93
917.969	143.36
918.273	155.65
918.578	73.73
918.882	319.48
919.187	221.18
919.491	618.49
919.795	274.43
920.099	221.18
920.404	139.26
920.708	241.66
921.012	188.41
921.316	503.8
921.62	208.89
921.924	221.18
922.227	233.47
922.531	151.55
922.835	143.36
923.139	176.13
923.442	221.18
923.746	217.08
924.049	204.8
924.353	241.66
924.656	131.07
924.96	294.91
925.263	65.54
925.566	245.76
925.869	163.84
926.172	331.77
926.476	217.08
926.779	176.13
927.082	217.08
927.385	208.89
927.687	200.7
927.99	249.85
928.293	200.7
928.596	200.7
928.898	90.11
929.201	208.89
929.504	155.65
929.806	303.1
930.109	200.7
930.411	221.18
930.713	208.89
931.016	286.72
931.318	258.04
931.62	118.78
931.922	180.22
932.224	163.84
932.526	245.76
932.828	258.04
933.13	147.45
933.432	180.22
933.734	237.56
934.036	139.26
934.337	188.41
934.639	233.47
934.941	258.04
935.242	221.18
935.544	86.01
935.845	225.28
936.147	167.93
936.448	143.36
936.749	172.03
937.05	155.65
937.352	208.89
937.653	192.51
937.954	294.91
938.255	118.78
938.556	143.36
938.857	143.36
939.158	233.47
939.458	245.76
939.759	241.66
940.06	172.03
940.36	278.52
940.661	151.55
940.962	278.52
941.262	143.36
941.562	192.51
941.863	245.76
942.163	258.04
942.463	208.89
942.764	344.06
943.064	258.04
943.364	282.62
943.664	225.28
943.964	204.8
944.264	94.21
944.564	184.32
944.864	204.8
945.164	266.24
945.463	266.24
945.763	159.74
946.063	196.61
946.362	208.89
946.662	143.36
946.961	221.18
947.261	212.99
947.56	200.7
947.859	212.99
948.158	307.2
948.458	249.85
948.757	294.91
949.056	212.99
949.355	147.45
949.654	122.88
949.953	167.93
950.252	253.95
950.551	135.17
950.849	159.74
951.148	176.13
951.447	274.43
951.745	102.4
952.044	188.41
952.342	221.18
952.641	208.89
952.939	208.89
953.238	139.26
953.536	303.1
953.834	192.51
954.132	126.97
954.431	131.07
954.729	217.08
955.027	106.49
955.325	294.91
955.623	204.8
955.92	204.8
956.218	143.36
956.516	212.99
956.814	245.76
957.111	258.04
957.409	315.39
957.706	176.13
958.004	188.41
958.301	159.74
958.599	266.24
958.896	192.51
959.193	258.04
959.491	118.78
959.788	163.84
960.085	90.11
960.382	233.47
960.679	229.37
960.976	131.07
961.273	65.54
961.57	180.22
961.866	167.93
962.163	155.65
962.46	188.41
962.756	143.36
963.053	196.61
963.35	159.74
963.646	159.74
963.942	135.17
964.239	274.43
964.535	208.89
964.831	192.51
965.128	184.32
965.424	126.97
965.72	176.13
966.016	245.76
966.312	192.51
966.608	114.69
966.904	184.32
967.2	221.18
967.495	180.22
967.791	204.8
968.087	176.13
968.382	192.51
968.678	212.99
968.973	237.56
969.269	212.99
969.564	274.43
969.86	253.95
970.155	221.18
970.45	221.18
970.745	147.45
971.04	196.61
971.335	118.78
971.63	258.04
971.925	139.26
972.22	212.99
972.515	258.04
972.81	180.22
973.105	167.93
973.399	221.18
973.694	98.3
973.989	237.56
974.283	208.89
974.578	221.18
974.872	180.22
975.166	241.66
975.461	143.36
975.755	163.84
976.049	131.07
976.343	49.15
976.637	126.97
976.931	221.18
977.225	208.89
977.519	270.33
977.813	176.13
978.107	167.93
978.401	167.93
978.695	184.32
978.988	258.04
979.282	159.74
979.575	200.7
979.869	290.81
980.162	139.26
980.456	176.13
980.749	249.85
981.042	86.01
981.336	237.56
981.629	245.76
981.922	208.89
982.215	151.55
982.508	237.56
982.801	90.11
983.094	188.41
983.387	188.41
983.68	139.26
983.972	245.76
984.265	208.89
984.558	106.49
984.85	139.26
985.143	188.41
985.435	258.04
985.728	139.26
986.02	114.69
986.312	290.81
986.605	258.04
986.897	81.92
987.189	184.32
987.481	131.07
987.773	245.76
988.065	266.24
988.357	286.72
988.649	303.1
988.941	212.99
989.233	172.03
989.524	151.55
989.816	110.59
990.108	221.18
990.399	200.7
990.691	151.55
990.982	331.77
991.274	192.51
991.565	249.85
991.856	274.43
992.147	282.62
992.439	200.7
992.73	167.93
993.021	221.18
993.312	188.41
993.603	180.22
993.894	90.11
994.184	274.43
994.475	221.18
994.766	184.32
995.057	180.22
995.347	204.8
995.638	290.81
995.928	176.13
996.219	204.8
996.509	114.69
996.8	143.36
997.09	24.58
997.38	155.65
997.67	20.48
997.961	159.74
998.251	294.91
998.541	212.99
998.831	139.26
999.121	249.85
999.411	151.55
999.7	167.93
999.99	118.78
1000.28	249.85
1000.569	233.47
1000.859	200.7
1001.149	196.61
1001.438	147.45
1001.728	151.55
1002.017	208.89
1002.306	192.51
1002.596	196.61
1002.885	204.8
1003.174	147.45
1003.463	122.88
1003.752	221.18
1004.041	233.47
1004.33	147.45
1004.619	249.85
1004.908	208.89
1005.197	262.14
1005.485	208.89
1005.774	131.07
1006.063	294.91
1006.351	139.26
1006.64	307.2
1006.928	270.33
1007.217	221.18
1007.505	319.48
1007.793	249.85
1008.081	184.32
1008.37	110.59
1008.658	180.22
1008.946	126.97
1009.234	200.7
1009.522	143.36
1009.81	217.08
1010.098	176.13
1010.385	307.2
1010.673	270.33
1010.961	241.66
1011.248	212.99
1011.536	282.62
1011.824	196.61
1012.111	167.93
1012.398	253.95
1012.686	217.08
1012.973	221.18
1013.26	159.74
1013.548	241.66
1013.835	155.65
1014.122	237.56
1014.409	126.97
1014.696	122.88
1014.983	188.41
1015.27	315.39
1015.557	294.91
1015.843	192.51
1016.13	270.33
1016.417	258.04
1016.703	245.76
1016.99	69.63
1017.276	167.93
1017.563	180.22
1017.849	258.04
1018.135	221.18
1018.422	167.93
1018.708	167.93
1018.994	176.13
1019.28	208.89
1019.566	172.03
1019.852	184.32
1020.138	147.45
1020.424	258.04
1020.71	180.22
1020.996	274.43
1021.281	81.92
1021.567	307.2
1021.853	143.36
1022.138	253.95
1022.424	167.93
1022.709	253.95
1022.995	143.36
1023.28	167.93
1023.565	245.76
1023.851	131.07
1024.136	188.41
1024.421	266.24
1024.706	200.7
1024.991	262.14
1025.276	176.13
1025.561	221.18
1025.846	270.33
1026.13	221.18
1026.415	49.15
1026.7	221.18
1026.984	176.13
1027.269	212.99
1027.554	192.51
1027.838	53.25
1028.122	184.32
1028.407	221.18
