338.731	-39.17
339.117	-39.17
339.503	-39.17
339.889	-22.78
340.274	-141.57
340.66	42.75
341.046	-76.03
341.431	-67.84
341.817	-133.37
342.202	-96.51
342.588	-26.88
342.973	-153.85
343.359	-63.74
343.744	26.37
344.129	104.19
344.515	30.46
344.9	79.61
345.285	112.38
345.67	-6.4
346.055	104.19
346.44	116.48
346.825	50.94
347.21	186.11
347.595	132.86
347.98	194.3
348.365	18.18
348.75	145.15
349.134	169.73
349.519	231.16
349.904	231.16
350.288	177.92
350.673	104.19
351.057	79.61
351.442	292.6
351.826	255.74
352.211	268.03
352.595	276.22
352.979	300.8
353.364	390.91
353.748	198.4
354.132	186.11
354.516	222.97
354.9	222.97
355.284	288.51
355.668	214.78
356.052	186.11
356.436	83.71
356.82	206.59
357.204	239.36
357.587	222.97
357.971	222.97
358.355	227.07
358.738	222.97
359.122	202.49
359.506	239.36
359.889	263.93
360.272	214.78
360.656	235.26
361.039	202.49
361.423	218.88
361.806	173.82
362.189	288.51
362.572	308.99
362.955	145.15
363.338	108.29
363.721	169.73
364.104	296.7
364.487	1386.22
364.87	292.6
365.253	198.4
365.636	157.44
366.019	296.7
366.401	390.91
366.784	202.49
367.167	177.92
367.549	177.92
367.932	194.3
368.314	120.57
368.697	210.68
369.079	206.59
369.462	255.74
369.844	206.59
370.226	231.16
370.609	218.88
370.991	112.38
371.373	239.36
371.755	288.51
372.137	321.28
372.519	284.41
372.901	198.4
373.283	288.51
373.665	235.26
374.047	145.15
374.428	268.03
374.81	239.36
375.192	182.01
375.574	177.92
375.955	198.4
376.337	239.36
376.718	169.73
377.1	288.51
377.481	354.04
377.863	198.4
378.244	169.73
378.625	198.4
379.006	210.68
379.388	169.73
379.769	165.63
380.15	268.03
380.531	198.4
380.912	239.36
381.293	214.78
381.674	251.64
382.055	222.97
382.436	276.22
382.816	227.07
383.197	227.07
383.578	284.41
383.959	395
384.339	411.39
384.72	435.96
385.1	603.89
385.481	431.87
385.861	517.88
386.242	382.71
386.622	517.88
387.002	538.36
387.383	493.3
387.763	534.26
388.143	595.7
388.523	579.32
388.903	734.96
389.283	636.66
389.663	763.64
390.043	669.43
390.423	665.33
390.803	677.62
391.183	603.89
391.562	644.85
391.942	796.4
392.322	714.49
392.701	694.01
393.081	755.44
393.461	661.24
393.84	784.12
394.22	882.42
394.599	833.27
394.978	902.9
395.358	853.75
395.737	751.35
396.116	747.25
396.495	861.94
396.874	952.05
397.254	947.95
397.633	1046.26
398.012	1021.68
398.391	1177.33
398.769	1488.62
399.148	1713.89
399.527	1992.42
399.906	2713.3
400.285	3860.17
400.663	7030.42
401.042	13162.04
401.421	20059.6
401.799	28583.24
402.178	41100.43
402.556	56877.98
402.934	63492.92
403.313	62567.24
403.691	60822.37
404.069	55899.05
404.448	45687.88
404.826	33776.89
405.204	23688.6
405.582	16078.35
405.96	10430.05
406.338	6121.12
406.716	3401.42
407.094	2393.82
407.472	2029.28
407.85	1881.83
408.227	1734.37
408.605	1812.2
408.983	1783.52
409.361	1750.76
409.738	1804
410.116	1922.79
410.493	1898.21
410.871	2266.85
411.248	2246.37
411.625	2205.41
412.003	2389.72
412.38	2320.09
412.757	2565.85
413.134	2574.04
413.512	2533.08
413.889	2418.4
414.266	2410.2
414.643	2500.31
415.02	2328.28
415.397	2316
415.774	2533.08
416.15	2373.34
416.527	2156.26
416.904	2393.82
417.281	2209.5
417.657	2389.72
418.034	2258.65
418.41	2238.17
418.787	2234.08
419.163	2139.87
419.54	2041.57
419.916	2197.21
420.292	2000.61
420.669	2111.2
421.045	1799.91
421.421	1656.55
421.797	1758.95
422.173	1672.93
422.549	1443.56
422.925	1509.1
423.301	1500.91
423.677	1537.77
424.053	1652.45
424.429	1525.48
424.805	1394.41
425.181	1324.78
425.556	1169.13
425.932	1169.13
426.307	1214.19
426.683	1185.52
427.059	1271.53
427.434	1152.75
427.809	1173.23
428.185	1054.45
428.56	1087.22
428.935	1185.52
429.311	1197.81
429.686	1136.37
430.061	1099.5
430.436	1128.17
430.811	1165.04
431.186	1312.49
431.561	1267.44
431.936	1345.26
432.311	1455.85
432.686	1267.44
433.06	1230.57
433.435	1259.24
433.81	1226.48
434.185	1283.82
434.559	1427.18
434.934	1349.36
435.308	1378.03
435.683	1500.91
436.057	1304.3
436.431	1451.75
436.806	1345.26
437.18	1390.31
437.554	1435.37
437.928	1447.66
438.303	1476.33
438.677	1459.95
439.051	1406.7
439.425	1464.04
439.799	1418.99
440.173	1365.74
440.546	1586.92
440.92	1423.08
441.294	1386.22
441.668	1541.86
442.041	1406.7
442.415	1496.81
442.789	1349.36
443.162	1562.34
443.536	1271.53
443.909	1480.43
444.283	1394.41
444.656	1332.97
445.029	1521.38
445.403	1361.64
445.776	1418.99
446.149	1435.37
446.522	1599.21
446.895	1259.24
447.268	1439.47
447.641	1480.43
448.014	1406.7
448.387	1345.26
448.76	1304.3
449.133	1369.84
449.505	1341.16
449.878	1296.11
450.251	1263.34
450.624	1386.22
450.996	1439.47
451.369	1410.79
451.741	1255.15
452.114	1242.86
452.486	1394.41
452.858	1332.97
453.231	1275.63
453.603	1263.34
453.975	1410.79
454.347	1279.72
454.719	1361.64
455.091	1341.16
455.464	1410.79
455.835	1316.59
456.207	1410.79
456.579	1287.92
456.951	1443.56
457.323	1218.29
457.695	1353.45
458.066	1439.47
458.438	1398.51
458.81	1373.93
459.181	1447.66
459.553	1255.15
459.924	1427.18
460.296	1545.96
460.667	1378.03
461.038	1345.26
461.41	1443.56
461.781	1472.23
462.152	1484.52
462.523	1541.86
462.894	1550.06
463.266	1550.06
463.637	1484.52
464.008	1529.58
464.378	1517.29
464.749	1754.85
465.12	1570.54
465.491	1591.02
465.862	1697.51
466.232	1844.96
466.603	1566.44
466.974	1722.09
467.344	1742.57
467.715	1697.51
468.085	1664.74
468.456	1697.51
468.826	1607.4
469.196	1795.81
469.567	1562.34
469.937	1783.52
470.307	1767.14
470.677	1840.87
471.047	1754.85
471.417	1890.02
471.787	1836.77
472.157	1812.2
472.527	1758.95
472.897	1996.51
473.267	1935.07
473.637	1935.07
474.006	1836.77
474.376	2180.83
474.746	1894.12
475.115	1930.98
475.485	1943.27
475.854	1840.87
476.224	1939.17
476.593	2029.28
476.963	1898.21
477.332	2021.09
477.701	2037.47
478.07	2057.95
478.44	2037.47
478.809	1959.65
479.178	1881.83
479.547	2094.82
479.916	2025.19
480.285	2168.54
480.654	2049.76
481.022	2094.82
481.391	1935.07
481.76	1836.77
482.129	1984.23
482.497	1930.98
482.866	2049.76
483.235	1992.42
483.603	2045.66
483.972	1873.64
484.34	1910.5
484.708	1930.98
485.077	1943.27
485.445	1914.59
485.813	1849.06
486.181	1988.32
486.55	2062.05
486.918	1947.36
487.286	2070.24
487.654	2025.19
488.022	1906.4
488.39	1865.44
488.758	1877.73
489.125	1808.1
489.493	1824.48
489.861	1812.2
490.229	1849.06
490.596	1685.22
490.964	1885.92
491.331	1804
491.699	1722.09
492.066	1660.65
492.434	1779.43
492.801	1763.05
493.168	1763.05
493.536	1689.32
493.903	1787.62
494.27	1763.05
494.637	1730.28
495.004	1730.28
495.371	1717.99
495.738	1709.8
496.105	1677.03
496.472	1681.13
496.839	1685.22
497.206	1779.43
497.573	1595.11
497.939	1603.3
498.306	1619.69
498.673	1623.78
499.039	1615.59
499.406	1599.21
499.772	1701.61
500.139	1525.48
500.505	1517.29
500.871	1586.92
501.238	1697.51
501.604	1656.55
501.97	1660.65
502.336	1607.4
502.702	1586.92
503.069	1562.34
503.435	1484.52
503.801	1533.67
504.166	1509.1
504.532	1562.34
504.898	1423.08
505.264	1472.23
505.63	1509.1
505.995	1378.03
506.361	1468.14
506.727	1402.6
507.092	1451.75
507.458	1394.41
507.823	1373.93
508.189	1373.93
508.554	1373.93
508.919	1218.29
509.284	1287.92
509.65	1316.59
510.015	1308.4
510.38	1357.55
510.745	1271.53
511.11	1189.61
511.475	1152.75
511.84	1267.44
512.205	1251.05
512.57	1234.67
512.935	1025.78
513.299	1242.86
513.664	1169.13
514.029	1324.78
514.393	1185.52
514.758	1251.05
515.122	1107.7
515.487	1099.5
515.851	1226.48
516.216	1214.19
516.58	1230.57
516.944	1046.26
517.309	1074.93
517.673	1062.64
518.037	1099.5
518.401	931.57
518.765	1062.64
519.129	956.15
519.493	1074.93
519.857	1119.98
520.221	1099.5
520.585	993.01
520.948	1087.22
521.312	964.34
521.676	1025.78
522.039	878.32
522.403	886.51
522.767	923.38
523.13	976.63
523.494	911.09
523.857	927.47
524.22	939.76
524.584	931.57
524.947	988.91
525.31	1025.78
525.673	788.21
526.036	890.61
526.399	923.38
526.762	878.32
527.125	894.71
527.488	976.63
527.851	956.15
528.214	833.27
528.577	833.27
528.94	837.36
529.302	861.94
529.665	816.88
530.028	804.6
530.39	1025.78
530.753	833.27
531.115	706.29
531.477	800.5
531.84	870.13
532.202	800.5
532.564	808.69
532.927	800.5
533.289	898.8
533.651	739.06
534.013	894.71
534.375	759.54
534.737	911.09
535.099	800.5
535.461	739.06
535.823	833.27
536.185	694.01
536.546	747.25
536.908	804.6
537.27	804.6
537.631	833.27
537.993	759.54
538.354	722.68
538.716	640.76
539.077	763.64
539.439	820.98
539.8	677.62
540.161	571.13
540.522	644.85
540.884	685.81
541.245	763.64
541.606	730.87
541.967	694.01
542.328	554.74
542.689	763.64
543.05	706.29
543.411	657.14
543.771	620.28
544.132	620.28
544.493	653.05
544.854	722.68
545.214	694.01
545.575	714.49
545.935	689.91
546.296	702.2
546.656	620.28
547.017	763.64
547.377	534.26
547.737	653.05
548.098	747.25
548.458	501.5
548.818	558.84
549.178	636.66
549.538	554.74
549.898	579.32
550.258	648.95
550.618	603.89
550.978	653.05
551.338	648.95
551.697	517.88
552.057	550.65
552.417	558.84
552.776	571.13
553.136	583.42
553.496	481.02
553.855	591.61
554.214	481.02
554.574	595.7
554.933	521.98
555.292	534.26
555.652	558.84
556.011	530.17
556.37	681.72
556.729	509.69
557.088	456.44
557.447	485.11
557.806	476.92
558.165	632.57
558.524	571.13
558.883	538.36
559.242	538.36
559.6	415.48
559.959	435.96
560.318	493.3
560.676	440.06
561.035	517.88
561.393	456.44
561.752	452.35
562.11	493.3
562.469	452.35
562.827	587.51
563.185	583.42
563.543	460.54
563.901	333.56
564.26	444.15
564.618	358.14
564.976	448.25
565.334	460.54
565.692	489.21
566.049	349.95
566.407	366.33
566.765	419.58
567.123	329.47
567.48	468.73
567.838	435.96
568.196	800.5
568.553	435.96
568.911	341.75
569.268	435.96
569.626	423.67
569.983	435.96
570.34	448.25
570.697	427.77
571.055	431.87
571.412	395
571.769	423.67
572.126	497.4
572.483	476.92
572.84	288.51
573.197	325.37
573.554	325.37
573.911	354.04
574.267	300.8
574.624	468.73
574.981	513.78
575.337	403.19
575.694	444.15
576.051	284.41
576.407	378.62
576.764	382.71
577.12	370.43
577.476	501.5
577.833	370.43
578.189	288.51
578.545	333.56
578.901	427.77
579.257	345.85
579.613	427.77
579.969	440.06
580.325	562.94
580.681	407.29
581.037	435.96
581.393	395
581.749	349.95
582.105	448.25
582.46	431.87
582.816	321.28
583.172	399.1
583.527	366.33
583.883	362.23
584.238	321.28
584.593	321.28
584.949	390.91
585.304	452.35
585.659	427.77
586.015	395
586.37	313.08
586.725	349.95
587.08	390.91
587.435	419.58
587.79	341.75
588.145	366.33
588.5	366.33
588.854	358.14
589.209	296.7
589.564	423.67
589.919	386.81
590.273	390.91
590.628	386.81
590.982	399.1
591.337	313.08
591.691	321.28
592.046	362.23
592.4	378.62
592.754	292.6
593.109	345.85
593.463	366.33
593.817	370.43
594.171	358.14
594.525	395
594.879	329.47
595.233	362.23
595.587	378.62
595.941	276.22
596.295	337.66
596.649	423.67
597.002	403.19
597.356	374.52
597.71	362.23
598.063	263.93
598.417	386.81
598.77	390.91
599.124	407.29
599.477	313.08
599.83	374.52
600.184	395
600.537	374.52
600.89	440.06
601.243	308.99
601.596	308.99
601.949	259.84
602.302	325.37
602.655	345.85
603.008	341.75
603.361	444.15
603.714	255.74
604.067	362.23
604.419	214.78
604.772	354.04
605.125	280.32
605.477	386.81
605.83	284.41
606.182	341.75
606.535	329.47
606.887	431.87
607.239	239.36
607.592	362.23
607.944	255.74
608.296	395
608.648	370.43
609	362.23
609.352	395
609.704	300.8
610.056	296.7
610.408	411.39
610.76	329.47
611.112	300.8
611.464	288.51
611.815	370.43
612.167	321.28
612.519	333.56
612.87	288.51
613.222	390.91
613.573	354.04
613.925	325.37
614.276	300.8
614.627	304.89
614.978	304.89
615.33	337.66
615.681	407.29
616.032	325.37
616.383	288.51
616.734	272.12
617.085	206.59
617.436	284.41
617.787	288.51
618.138	403.19
618.489	321.28
618.839	268.03
619.19	321.28
619.541	259.84
619.891	460.54
620.242	227.07
620.592	423.67
620.943	268.03
621.293	411.39
621.643	304.89
621.994	284.41
622.344	304.89
622.694	247.55
623.044	358.14
623.395	272.12
623.745	317.18
624.095	263.93
624.445	337.66
624.795	304.89
625.144	251.64
625.494	292.6
625.844	403.19
626.194	227.07
626.543	239.36
626.893	390.91
627.243	235.26
627.592	247.55
627.942	272.12
628.291	268.03
628.64	317.18
628.99	263.93
629.339	280.32
629.688	202.49
630.038	321.28
630.387	173.82
630.736	329.47
631.085	354.04
631.434	345.85
631.783	222.97
632.132	263.93
632.481	407.29
632.829	399.1
633.178	292.6
633.527	263.93
633.875	231.16
634.224	296.7
634.573	280.32
634.921	263.93
635.27	374.52
635.618	268.03
635.966	304.89
636.315	165.63
636.663	136.96
637.011	190.21
637.359	354.04
637.708	362.23
638.056	284.41
638.404	358.14
638.752	317.18
639.1	284.41
639.447	341.75
639.795	251.64
640.143	304.89
640.491	345.85
640.839	345.85
641.186	292.6
641.534	284.41
641.881	300.8
642.229	259.84
642.576	235.26
642.924	194.3
643.271	272.12
643.618	280.32
643.966	259.84
644.313	370.43
644.66	317.18
645.007	255.74
645.354	284.41
645.701	284.41
646.048	239.36
646.395	263.93
646.742	272.12
647.089	345.85
647.435	288.51
647.782	239.36
648.129	399.1
648.475	382.71
648.822	407.29
649.169	317.18
649.515	239.36
649.861	292.6
650.208	313.08
650.554	288.51
650.9	272.12
651.247	292.6
651.593	444.15
651.939	321.28
652.285	292.6
652.631	190.21
652.977	222.97
653.323	222.97
653.669	218.88
654.015	276.22
654.361	227.07
654.706	132.86
655.052	235.26
655.398	354.04
655.743	337.66
656.089	362.23
656.434	255.74
656.78	268.03
657.125	255.74
657.47	255.74
657.816	304.89
658.161	268.03
658.506	239.36
658.851	276.22
659.196	157.44
659.542	259.84
659.887	268.03
660.232	239.36
660.576	239.36
660.921	186.11
661.266	222.97
661.611	341.75
661.956	239.36
662.3	239.36
662.645	304.89
662.989	276.22
663.334	198.4
663.678	218.88
664.023	247.55
664.367	214.78
664.712	276.22
665.056	325.37
665.4	345.85
665.744	296.7
666.088	239.36
666.432	235.26
666.776	276.22
667.12	259.84
667.464	296.7
667.808	190.21
668.152	292.6
668.496	87.81
668.84	288.51
669.183	268.03
669.527	231.16
669.871	165.63
670.214	255.74
670.558	235.26
670.901	288.51
671.244	182.01
671.588	231.16
671.931	239.36
672.274	239.36
672.618	263.93
672.961	280.32
673.304	354.04
673.647	239.36
673.99	288.51
674.333	222.97
674.676	222.97
675.019	202.49
675.361	251.64
675.704	259.84
676.047	370.43
676.389	321.28
676.732	542.46
677.075	329.47
677.417	263.93
677.76	333.56
678.102	337.66
678.444	255.74
678.787	214.78
679.129	300.8
679.471	182.01
679.813	214.78
680.155	280.32
680.498	329.47
680.84	255.74
681.182	169.73
681.523	239.36
681.865	141.05
682.207	292.6
682.549	161.53
682.891	268.03
683.232	276.22
683.574	210.68
683.916	292.6
684.257	210.68
684.599	222.97
684.94	251.64
685.281	222.97
685.623	251.64
685.964	349.95
686.305	370.43
686.646	227.07
686.988	280.32
687.329	214.78
687.67	358.14
688.011	235.26
688.352	280.32
688.692	284.41
689.033	308.99
689.374	141.05
689.715	218.88
690.055	280.32
690.396	308.99
690.737	222.97
691.077	239.36
691.418	227.07
691.758	186.11
692.099	235.26
692.439	268.03
692.779	149.25
693.119	276.22
693.46	210.68
693.8	104.19
694.14	202.49
694.48	210.68
694.82	255.74
695.16	206.59
695.5	218.88
695.84	317.18
696.179	345.85
696.519	300.8
696.859	345.85
697.199	227.07
697.538	227.07
697.878	276.22
698.217	132.86
698.557	247.55
698.896	276.22
699.235	194.3
699.575	247.55
699.914	210.68
700.253	112.38
700.592	149.25
700.931	239.36
701.271	169.73
701.61	227.07
701.949	165.63
702.287	255.74
702.626	231.16
702.965	210.68
703.304	157.44
703.643	186.11
703.981	116.48
704.32	321.28
704.658	227.07
704.997	304.89
705.335	222.97
705.674	337.66
706.012	124.67
706.35	190.21
706.689	341.75
707.027	255.74
707.365	255.74
707.703	296.7
708.041	304.89
708.379	214.78
708.717	218.88
709.055	292.6
709.393	239.36
709.731	214.78
710.069	284.41
710.406	173.82
710.744	239.36
711.082	276.22
711.419	239.36
711.757	296.7
712.094	165.63
712.432	141.05
712.769	259.84
713.106	251.64
713.444	325.37
713.781	255.74
714.118	272.12
714.455	210.68
714.792	157.44
715.129	317.18
715.466	194.3
715.803	210.68
716.14	231.16
716.477	157.44
716.814	190.21
717.15	329.47
717.487	304.89
717.824	304.89
718.16	169.73
718.497	169.73
718.833	210.68
719.17	182.01
719.506	304.89
719.842	308.99
720.179	231.16
720.515	296.7
720.851	239.36
721.187	222.97
721.523	186.11
721.859	177.92
722.195	83.71
722.531	370.43
722.867	239.36
723.203	227.07
723.539	263.93
723.874	263.93
724.21	247.55
724.546	288.51
724.881	165.63
725.217	235.26
725.552	202.49
725.888	112.38
726.223	263.93
726.559	182.01
726.894	272.12
727.229	243.45
727.564	161.53
727.899	128.77
728.234	321.28
728.569	194.3
728.904	247.55
729.239	169.73
729.574	186.11
729.909	280.32
730.244	165.63
730.579	276.22
730.913	182.01
731.248	259.84
731.583	349.95
731.917	165.63
732.252	222.97
732.586	284.41
732.92	255.74
733.255	222.97
733.589	206.59
733.923	141.05
734.257	128.77
734.592	202.49
734.926	186.11
735.26	235.26
735.594	280.32
735.928	173.82
736.261	190.21
736.595	222.97
736.929	263.93
737.263	235.26
737.596	149.25
737.93	231.16
738.264	231.16
738.597	182.01
738.931	268.03
739.264	67.33
739.598	292.6
739.931	120.57
740.264	157.44
740.597	333.56
740.931	268.03
741.264	182.01
741.597	235.26
741.93	218.88
742.263	206.59
742.596	153.34
742.929	235.26
743.261	169.73
743.594	222.97
743.927	276.22
744.26	300.8
744.592	190.21
744.925	141.05
745.257	296.7
745.59	182.01
745.922	198.4
746.255	145.15
746.587	280.32
746.919	280.32
747.252	206.59
747.584	268.03
747.916	210.68
748.248	169.73
748.58	263.93
748.912	296.7
749.244	128.77
749.576	153.34
749.908	169.73
750.239	239.36
750.571	263.93
750.903	202.49
751.234	235.26
751.566	145.15
751.897	259.84
752.229	210.68
752.56	231.16
752.892	202.49
753.223	190.21
753.554	239.36
753.886	247.55
754.217	280.32
754.548	198.4
754.879	132.86
755.21	157.44
755.541	145.15
755.872	112.38
756.203	313.08
756.534	141.05
756.864	345.85
757.195	239.36
757.526	231.16
757.856	247.55
758.187	112.38
758.517	681.72
758.848	227.07
759.178	194.3
759.509	202.49
759.839	251.64
760.169	247.55
760.499	296.7
760.83	194.3
761.16	132.86
761.49	198.4
761.82	222.97
762.15	268.03
762.48	300.8
762.81	239.36
763.139	239.36
763.469	247.55
763.799	235.26
764.129	325.37
764.458	186.11
764.788	280.32
765.117	79.61
765.447	210.68
765.776	268.03
766.105	194.3
766.435	292.6
766.764	186.11
767.093	321.28
767.422	210.68
767.751	210.68
768.081	161.53
768.41	145.15
768.739	222.97
769.067	276.22
769.396	128.77
769.725	272.12
770.054	247.55
770.383	239.36
770.711	272.12
771.04	202.49
771.368	120.57
771.697	288.51
772.025	169.73
772.354	358.14
772.682	304.89
773.01	186.11
773.339	169.73
773.667	227.07
773.995	341.75
774.323	124.67
774.651	239.36
774.979	239.36
775.307	173.82
775.635	296.7
775.963	198.4
776.291	292.6
776.618	120.57
776.946	210.68
777.274	288.51
777.601	190.21
777.929	186.11
778.256	231.16
778.584	218.88
778.911	128.77
779.238	210.68
779.566	292.6
779.893	173.82
780.22	177.92
780.547	218.88
780.874	177.92
781.201	276.22
781.528	235.26
781.855	116.48
782.182	247.55
782.509	231.16
782.836	251.64
783.162	263.93
783.489	333.56
783.816	198.4
784.142	165.63
784.469	182.01
784.795	292.6
785.122	222.97
785.448	235.26
785.774	247.55
786.101	96
786.427	186.11
786.753	214.78
787.079	231.16
787.405	75.52
787.731	313.08
788.057	227.07
788.383	112.38
788.709	177.92
789.035	227.07
789.361	202.49
789.686	177.92
790.012	153.34
790.338	214.78
790.663	202.49
790.989	153.34
791.314	182.01
791.64	214.78
791.965	255.74
792.29	190.21
792.615	239.36
792.941	218.88
793.266	222.97
793.591	210.68
793.916	145.15
794.241	235.26
794.566	206.59
794.891	235.26
795.216	202.49
795.54	222.97
795.865	341.75
796.19	251.64
796.514	263.93
796.839	272.12
797.164	263.93
797.488	268.03
797.813	141.05
798.137	222.97
798.461	136.96
798.786	96
799.11	222.97
799.434	440.06
799.758	157.44
800.082	239.36
800.406	132.86
800.73	173.82
801.054	165.63
801.378	325.37
801.702	239.36
802.026	231.16
802.349	169.73
802.673	263.93
802.997	194.3
803.32	284.41
803.644	292.6
803.967	227.07
804.291	177.92
804.614	218.88
804.937	173.82
805.26	235.26
805.584	272.12
805.907	231.16
806.23	112.38
806.553	255.74
806.876	259.84
807.199	222.97
807.522	272.12
807.845	206.59
808.168	186.11
808.49	210.68
808.813	255.74
809.136	308.99
809.458	227.07
809.781	194.3
810.103	292.6
810.426	214.78
810.748	317.18
811.07	206.59
811.393	227.07
811.715	276.22
812.037	222.97
812.359	186.11
812.681	202.49
813.003	259.84
813.325	149.25
813.647	182.01
813.969	251.64
814.291	186.11
814.613	317.18
814.935	218.88
815.256	96
815.578	259.84
815.899	153.34
816.221	239.36
816.542	231.16
816.864	210.68
817.185	194.3
817.507	116.48
817.828	157.44
818.149	177.92
818.47	190.21
818.791	231.16
819.112	169.73
819.433	210.68
819.754	165.63
820.075	198.4
820.396	202.49
820.717	165.63
821.038	186.11
821.358	206.59
821.679	255.74
822	227.07
822.32	227.07
822.641	313.08
822.961	300.8
823.281	304.89
823.602	292.6
823.922	292.6
824.242	198.4
824.563	218.88
824.883	186.11
825.203	182.01
825.523	263.93
825.843	259.84
826.163	214.78
826.483	83.71
826.802	83.71
827.122	284.41
827.442	255.74
827.762	227.07
828.081	214.78
828.401	227.07
828.72	194.3
829.04	276.22
829.359	186.11
829.679	190.21
829.998	149.25
830.317	157.44
830.636	300.8
830.955	157.44
831.275	247.55
831.594	276.22
831.913	177.92
832.232	296.7
832.55	255.74
832.869	235.26
833.188	239.36
833.507	272.12
833.826	222.97
834.144	288.51
834.463	239.36
834.781	268.03
835.1	263.93
835.418	280.32
835.737	177.92
836.055	362.23
836.373	276.22
836.691	169.73
837.01	165.63
837.328	173.82
837.646	198.4
837.964	173.82
838.282	210.68
838.6	124.67
838.918	296.7
839.235	198.4
839.553	194.3
839.871	296.7
840.189	280.32
840.506	136.96
840.824	198.4
841.141	169.73
841.459	157.44
841.776	202.49
842.093	300.8
842.411	239.36
842.728	67.33
843.045	124.67
843.362	239.36
843.679	308.99
843.996	161.53
844.313	263.93
844.63	276.22
844.947	239.36
845.264	259.84
845.581	276.22
845.898	132.86
846.214	239.36
846.531	255.74
846.847	304.89
847.164	149.25
847.48	329.47
847.797	251.64
848.113	321.28
848.43	128.77
848.746	263.93
849.062	333.56
849.378	227.07
849.694	173.82
850.01	272.12
850.326	202.49
850.642	194.3
850.958	235.26
851.274	214.78
851.59	169.73
851.906	210.68
852.221	227.07
852.537	153.34
852.853	239.36
853.168	251.64
853.484	132.86
853.799	354.04
854.114	268.03
854.43	259.84
854.745	210.68
855.06	358.14
855.375	239.36
855.691	157.44
856.006	231.16
856.321	190.21
856.636	308.99
856.951	325.37
857.265	263.93
857.58	210.68
857.895	161.53
858.21	218.88
858.524	227.07
858.839	296.7
859.153	268.03
859.468	263.93
859.782	194.3
860.097	239.36
860.411	268.03
860.725	173.82
861.04	333.56
861.354	198.4
861.668	202.49
861.982	169.73
862.296	222.97
862.61	202.49
862.924	177.92
863.238	239.36
863.552	284.41
863.865	177.92
864.179	165.63
864.493	210.68
864.806	304.89
865.12	308.99
865.434	218.88
865.747	206.59
866.06	272.12
866.374	202.49
866.687	161.53
867	239.36
867.314	218.88
867.627	259.84
867.94	206.59
868.253	104.19
868.566	251.64
868.879	198.4
869.192	300.8
869.504	169.73
869.817	800.5
870.13	276.22
870.443	227.07
870.755	210.68
871.068	235.26
871.38	231.16
871.693	210.68
872.005	210.68
872.318	235.26
872.63	251.64
872.942	182.01
873.254	218.88
873.566	132.86
873.879	198.4
874.191	120.57
874.503	317.18
874.815	214.78
875.126	124.67
875.438	231.16
875.75	75.52
876.062	276.22
876.374	132.86
876.685	186.11
876.997	296.7
877.308	239.36
877.62	177.92
877.931	141.05
878.243	198.4
878.554	263.93
878.865	222.97
879.176	132.86
879.487	276.22
879.799	34.56
880.11	292.6
880.421	276.22
880.732	239.36
881.043	247.55
881.353	255.74
881.664	198.4
881.975	227.07
882.286	182.01
882.596	313.08
882.907	333.56
883.217	235.26
883.528	210.68
883.838	251.64
884.149	145.15
884.459	259.84
884.769	300.8
885.079	276.22
885.39	239.36
885.7	251.64
886.01	136.96
886.32	284.41
886.63	214.78
886.94	288.51
887.249	284.41
887.559	259.84
887.869	161.53
888.179	239.36
888.488	292.6
888.798	210.68
889.107	161.53
889.417	272.12
889.726	231.16
890.036	231.16
890.345	169.73
890.654	263.93
890.964	255.74
891.273	235.26
891.582	198.4
891.891	276.22
892.2	378.62
892.509	354.04
892.818	362.23
893.127	251.64
893.435	182.01
893.744	288.51
894.053	337.66
894.362	169.73
894.67	231.16
894.979	296.7
895.287	190.21
895.596	198.4
895.904	222.97
896.212	177.92
896.521	153.34
896.829	161.53
897.137	218.88
897.445	214.78
897.753	214.78
898.061	227.07
898.369	210.68
898.677	132.86
898.985	366.33
899.293	218.88
899.6	218.88
899.908	231.16
900.216	280.32
900.523	349.95
900.831	136.96
901.138	218.88
901.446	255.74
901.753	177.92
902.061	280.32
902.368	263.93
902.675	83.71
902.982	173.82
903.289	251.64
903.596	157.44
903.903	141.05
904.21	149.25
904.517	218.88
904.824	186.11
905.131	259.84
905.438	304.89
905.744	149.25
906.051	218.88
906.358	149.25
906.664	231.16
906.971	190.21
907.277	239.36
907.583	186.11
907.89	173.82
908.196	161.53
908.502	190.21
908.808	284.41
909.115	288.51
909.421	141.05
909.727	165.63
910.033	255.74
910.338	268.03
910.644	247.55
910.95	165.63
911.256	132.86
911.562	280.32
911.867	288.51
912.173	280.32
912.478	186.11
912.784	313.08
913.089	259.84
913.395	222.97
913.7	255.74
914.005	112.38
914.31	157.44
914.616	268.03
914.921	268.03
915.226	272.12
915.531	325.37
915.836	239.36
916.141	247.55
916.445	157.44
916.75	149.25
917.055	268.03
917.36	300.8
917.664	231.16
917.969	214.78
918.273	177.92
918.578	157.44
918.882	341.75
919.187	124.67
919.491	751.35
919.795	251.64
920.099	169.73
920.404	173.82
920.708	169.73
921.012	136.96
921.316	415.48
921.62	255.74
921.924	280.32
922.227	165.63
922.531	153.34
922.835	255.74
923.139	251.64
923.442	182.01
923.746	149.25
924.049	206.59
924.353	235.26
924.656	182.01
924.96	263.93
925.263	300.8
925.566	255.74
925.869	206.59
926.172	186.11
926.476	161.53
926.779	202.49
927.082	202.49
927.385	288.51
927.687	198.4
927.99	190.21
928.293	268.03
928.596	198.4
928.898	149.25
929.201	186.11
929.504	255.74
929.806	218.88
930.109	272.12
930.411	218.88
930.713	169.73
931.016	239.36
931.318	165.63
931.62	239.36
931.922	272.12
932.224	157.44
932.526	255.74
932.828	120.57
933.13	280.32
933.432	206.59
933.734	235.26
934.036	177.92
934.337	259.84
934.639	239.36
934.941	251.64
935.242	247.55
935.544	202.49
935.845	263.93
936.147	198.4
936.448	239.36
936.749	300.8
937.05	239.36
937.352	210.68
937.653	198.4
937.954	218.88
938.255	337.66
938.556	235.26
938.857	104.19
939.158	255.74
939.458	255.74
939.759	186.11
940.06	141.05
940.36	222.97
940.661	210.68
940.962	255.74
941.262	235.26
941.562	288.51
941.863	239.36
942.163	190.21
942.463	132.86
942.764	182.01
943.064	153.34
943.364	239.36
943.664	206.59
943.964	251.64
944.264	169.73
944.564	251.64
944.864	235.26
945.164	153.34
945.463	259.84
945.763	169.73
946.063	198.4
946.362	182.01
946.662	227.07
946.961	177.92
947.261	190.21
947.56	202.49
947.859	222.97
948.158	300.8
948.458	202.49
948.757	190.21
949.056	186.11
949.355	210.68
949.654	124.67
949.953	288.51
950.252	288.51
950.551	292.6
950.849	132.86
951.148	186.11
951.447	288.51
951.745	231.16
952.044	239.36
952.342	153.34
952.641	96
952.939	263.93
953.238	329.47
953.536	153.34
953.834	292.6
954.132	358.14
954.431	268.03
954.729	194.3
955.027	222.97
955.325	239.36
955.623	218.88
955.92	272.12
956.218	255.74
956.516	284.41
956.814	108.29
957.111	222.97
957.409	169.73
957.706	239.36
958.004	247.55
958.301	255.74
958.599	292.6
958.896	304.89
959.193	239.36
959.491	227.07
959.788	169.73
960.085	157.44
960.382	206.59
960.679	239.36
960.976	231.16
961.273	268.03
961.57	198.4
961.866	136.96
962.163	280.32
962.46	222.97
962.756	259.84
963.053	177.92
963.35	235.26
963.646	235.26
963.942	206.59
964.239	218.88
964.535	296.7
964.831	190.21
965.128	222.97
965.424	157.44
965.72	55.04
966.016	218.88
966.312	214.78
966.608	259.84
966.904	243.45
967.2	239.36
967.495	190.21
967.791	190.21
968.087	222.97
968.382	313.08
968.678	83.71
968.973	231.16
969.269	169.73
969.564	165.63
969.86	177.92
970.155	128.77
970.45	288.51
970.745	177.92
971.04	182.01
971.335	222.97
971.63	313.08
971.925	186.11
972.22	210.68
972.515	210.68
972.81	161.53
973.105	239.36
973.399	182.01
973.694	284.41
973.989	186.11
974.283	218.88
974.578	186.11
974.872	141.05
975.166	128.77
975.461	198.4
975.755	202.49
976.049	231.16
976.343	198.4
976.637	247.55
976.931	268.03
977.225	190.21
977.519	59.14
977.813	157.44
978.107	304.89
978.401	145.15
978.695	169.73
978.988	218.88
979.282	272.12
979.575	153.34
979.869	214.78
980.162	210.68
980.456	247.55
980.749	276.22
981.042	194.3
981.336	165.63
981.629	173.82
981.922	177.92
982.215	231.16
982.508	169.73
982.801	268.03
983.094	194.3
983.387	222.97
983.68	198.4
983.972	341.75
984.265	300.8
984.558	296.7
984.85	190.21
985.143	194.3
985.435	272.12
985.728	292.6
986.02	198.4
986.312	194.3
986.605	239.36
986.897	218.88
987.189	239.36
987.481	96
987.773	182.01
988.065	177.92
988.357	325.37
988.649	333.56
988.941	239.36
989.233	157.44
989.524	370.43
989.816	239.36
990.108	222.97
990.399	214.78
990.691	276.22
990.982	227.07
991.274	153.34
991.565	206.59
991.856	288.51
992.147	186.11
992.439	194.3
992.73	210.68
993.021	210.68
993.312	169.73
993.603	288.51
993.894	288.51
994.184	206.59
994.475	206.59
994.766	235.26
995.057	198.4
995.347	128.77
995.638	186.11
995.928	132.86
996.219	206.59
996.509	149.25
996.8	296.7
997.09	96
997.38	263.93
997.67	141.05
997.961	210.68
998.251	276.22
998.541	255.74
998.831	141.05
999.121	182.01
999.411	141.05
999.7	276.22
999.99	272.12
1000.28	157.44
1000.569	202.49
1000.859	177.92
1001.149	218.88
1001.438	104.19
1001.728	177.92
1002.017	325.37
1002.306	190.21
1002.596	227.07
1002.885	300.8
1003.174	214.78
1003.463	141.05
1003.752	198.4
1004.041	202.49
1004.33	157.44
1004.619	59.14
1004.908	313.08
1005.197	206.59
1005.485	169.73
1005.774	169.73
1006.063	239.36
1006.351	198.4
1006.64	145.15
1006.928	186.11
1007.217	214.78
1007.505	288.51
1007.793	145.15
1008.081	173.82
1008.37	198.4
1008.658	153.34
1008.946	304.89
1009.234	255.74
1009.522	255.74
1009.81	239.36
1010.098	313.08
1010.385	210.68
1010.673	182.01
1010.961	149.25
1011.248	190.21
1011.536	247.55
1011.824	190.21
1012.111	132.86
1012.398	231.16
1012.686	304.89
1012.973	296.7
1013.26	329.47
1013.548	292.6
1013.835	222.97
1014.122	141.05
1014.409	292.6
1014.696	227.07
1014.983	321.28
1015.27	149.25
1015.557	194.3
1015.843	202.49
1016.13	231.16
1016.417	194.3
1016.703	177.92
1016.99	153.34
1017.276	214.78
1017.563	296.7
1017.849	169.73
1018.135	214.78
1018.422	239.36
1018.708	218.88
1018.994	255.74
1019.28	145.15
1019.566	153.34
1019.852	149.25
1020.138	169.73
1020.424	239.36
1020.71	239.36
1020.996	362.23
1021.281	263.93
1021.567	153.34
1021.853	276.22
1022.138	239.36
1022.424	145.15
1022.709	132.86
1022.995	317.18
1023.28	210.68
1023.565	366.33
1023.851	116.48
1024.136	222.97
1024.421	259.84
1024.706	272.12
1024.991	210.68
1025.276	276.22
1025.561	214.78
1025.846	235.26
1026.13	280.32
1026.415	268.03
1026.7	263.93
1026.984	153.34
1027.269	263.93
1027.554	116.48
1027.838	141.05
1028.122	198.4
1028.407	100.09
