338.731	-117.5
339.117	-117.5
339.503	-117.5
339.889	-150.27
340.274	-195.33
340.66	-76.54
341.046	-60.16
341.431	-166.65
341.817	-146.17
342.202	46.34
342.588	-109.31
342.973	-117.5
343.359	-39.68
343.744	-51.97
344.129	-23.3
344.515	-51.97
344.9	34.05
345.285	197.88
345.67	62.72
346.055	99.58
346.44	185.6
346.825	140.54
347.21	21.76
347.595	107.77
347.98	136.45
348.365	247.04
348.75	50.43
349.134	156.93
349.519	189.69
349.904	161.02
350.288	214.27
350.673	156.93
351.057	247.04
351.442	238.84
351.826	75.01
352.211	271.61
352.595	283.9
352.979	177.41
353.364	156.93
353.748	156.93
354.132	271.61
354.516	201.98
354.9	181.5
355.284	296.19
355.668	247.04
356.052	87.29
356.436	156.93
356.82	152.83
357.204	50.43
357.587	181.5
357.971	230.65
358.355	263.42
358.738	70.91
359.122	206.08
359.506	103.68
359.889	275.71
360.272	242.94
360.656	267.52
361.039	95.49
361.423	255.23
361.806	189.69
362.189	341.24
362.572	156.93
362.955	34.05
363.338	152.83
363.721	128.25
364.104	66.81
364.487	1320.17
364.87	271.61
365.253	136.45
365.636	95.49
366.019	206.08
366.401	50.43
366.784	201.98
367.167	144.64
367.549	206.08
367.932	91.39
368.314	193.79
368.697	222.46
369.079	128.25
369.462	144.64
369.844	173.31
370.226	140.54
370.609	140.54
370.991	193.79
371.373	328.95
371.755	210.17
372.137	107.77
372.519	152.83
372.901	165.12
373.283	132.35
373.665	70.91
374.047	99.58
374.428	107.77
374.81	161.02
375.192	46.34
375.574	95.49
375.955	234.75
376.337	148.73
376.718	226.56
377.1	111.87
377.481	185.6
377.863	161.02
378.244	169.21
378.625	95.49
379.006	189.69
379.388	247.04
379.769	132.35
380.15	197.88
380.531	189.69
380.912	165.12
381.293	99.58
381.674	107.77
382.055	95.49
382.436	169.21
382.816	201.98
383.197	238.84
383.578	365.82
383.959	79.1
384.339	242.94
384.72	234.75
385.1	439.55
385.481	247.04
385.861	222.46
386.242	210.17
386.622	304.38
387.002	251.13
387.383	267.52
387.763	242.94
388.143	324.86
388.523	218.36
388.903	308.48
389.283	333.05
389.663	378.11
390.043	333.05
390.423	349.43
390.803	414.97
391.183	320.76
391.562	521.46
391.942	550.14
392.322	533.75
392.701	566.52
393.081	574.71
393.461	615.67
393.84	623.86
394.22	795.89
394.599	877.81
394.978	914.67
395.358	898.29
395.737	1082.61
396.116	1029.36
396.495	1103.09
396.874	1119.47
397.254	1135.85
397.633	1164.53
398.012	1201.39
398.391	1369.32
398.769	1574.12
399.148	1479.91
399.527	1533.16
399.906	1635.56
400.285	1656.04
400.663	1742.05
401.042	1828.07
401.421	1864.93
401.799	2082.02
402.178	2094.3
402.556	2139.36
402.934	2139.36
403.313	2172.13
403.691	2319.58
404.069	2372.83
404.448	2356.44
404.826	2286.81
405.204	2262.24
405.582	2172.13
405.96	2254.05
406.338	2221.28
406.716	2090.21
407.094	2151.65
407.472	2127.07
407.85	1811.68
408.227	1840.36
408.605	1996
408.983	1795.3
409.361	1586.41
409.738	1504.49
410.116	1463.53
410.493	1463.53
410.871	1676.52
411.248	1357.04
411.625	1357.04
412.003	1344.75
412.38	1262.83
412.757	1230.06
413.134	1082.61
413.512	1193.2
413.889	1238.25
414.266	1070.32
414.643	1090.8
415.02	1090.8
415.397	955.63
415.774	869.62
416.15	967.92
416.527	902.39
416.904	730.36
417.281	812.28
417.657	767.22
418.034	709.88
418.41	623.86
418.787	771.32
419.163	476.41
419.54	681.21
419.916	644.34
420.292	652.53
420.669	677.11
421.045	472.31
421.421	595.19
421.797	509.18
422.173	533.75
422.549	533.75
422.925	431.35
423.301	443.64
423.677	566.52
424.053	546.04
424.429	476.41
424.805	394.49
425.181	492.79
425.556	427.26
425.932	500.98
426.307	394.49
426.683	406.78
427.059	533.75
427.434	443.64
427.809	378.11
428.185	320.76
428.56	406.78
428.935	472.31
429.311	349.43
429.686	275.71
430.061	390.39
430.436	320.76
430.811	263.42
431.186	320.76
431.561	402.68
431.936	222.46
432.311	435.45
432.686	460.02
433.06	390.39
433.435	460.02
433.81	451.83
434.185	353.53
434.559	513.27
434.934	378.11
435.308	312.57
435.683	435.45
436.057	369.91
436.431	443.64
436.806	402.68
437.18	345.34
437.554	300.28
437.928	333.05
438.303	431.35
438.677	369.91
439.051	464.12
439.425	328.95
439.799	267.52
440.173	398.59
440.546	382.2
440.92	435.45
441.294	357.63
441.668	480.5
442.041	402.68
442.415	247.04
442.789	390.39
443.162	357.63
443.536	357.63
443.909	320.76
444.283	431.35
444.656	431.35
445.029	451.83
445.403	333.05
445.776	345.34
446.149	288
446.522	345.34
446.895	316.67
447.268	410.87
447.641	406.78
448.014	472.31
448.387	337.15
448.76	406.78
449.133	390.39
449.505	349.43
449.878	242.94
450.251	374.01
450.624	341.24
450.996	374.01
451.369	357.63
451.741	435.45
452.114	349.43
452.486	242.94
452.858	460.02
453.231	353.53
453.603	382.2
453.975	255.23
454.347	353.53
454.719	210.17
455.091	361.72
455.464	357.63
455.835	341.24
456.207	337.15
456.579	328.95
456.951	255.23
457.323	271.61
457.695	296.19
458.066	378.11
458.438	333.05
458.81	206.08
459.181	341.24
459.553	369.91
459.924	156.93
460.296	431.35
460.667	304.38
461.038	304.38
461.41	353.53
461.781	345.34
462.152	247.04
462.523	238.84
462.894	238.84
463.266	242.94
463.637	353.53
464.008	271.61
464.378	292.09
464.749	345.34
465.12	402.68
465.491	443.64
465.862	288
466.232	193.79
466.603	247.04
466.974	267.52
467.344	296.19
467.715	238.84
468.085	259.32
468.456	320.76
468.826	279.8
469.196	255.23
469.567	316.67
469.937	324.86
470.307	320.76
470.677	365.82
471.047	271.61
471.417	283.9
471.787	288
472.157	410.87
472.527	406.78
472.897	279.8
473.267	320.76
473.637	320.76
474.006	316.67
474.376	402.68
474.746	255.23
475.115	365.82
475.485	283.9
475.854	279.8
476.224	271.61
476.593	378.11
476.963	353.53
477.332	439.55
477.701	328.95
478.07	316.67
478.44	398.59
478.809	255.23
479.178	148.73
479.547	324.86
479.916	279.8
480.285	259.32
480.654	288
481.022	288
481.391	292.09
481.76	230.65
482.129	222.46
482.497	222.46
482.866	353.53
483.235	328.95
483.603	374.01
483.972	328.95
484.34	337.15
484.708	312.57
485.077	238.84
485.445	222.46
485.813	271.61
486.181	259.32
486.55	345.34
486.918	312.57
487.286	357.63
487.654	292.09
488.022	242.94
488.39	255.23
488.758	275.71
489.125	365.82
489.493	341.24
489.861	115.97
490.229	222.46
490.596	255.23
490.964	279.8
491.331	288
491.699	292.09
492.066	156.93
492.434	271.61
492.801	312.57
493.168	214.27
493.536	337.15
493.903	222.46
494.27	140.54
494.637	353.53
495.004	296.19
495.371	320.76
495.738	181.5
496.105	251.13
496.472	263.42
496.839	349.43
497.206	304.38
497.573	210.17
497.939	271.61
498.306	238.84
498.673	427.26
499.039	185.6
499.406	214.27
499.772	206.08
500.139	394.49
500.505	275.71
500.871	341.24
501.238	251.13
501.604	374.01
501.97	304.38
502.336	238.84
502.702	271.61
503.069	238.84
503.435	337.15
503.801	279.8
504.166	410.87
504.532	288
504.898	234.75
505.264	263.42
505.63	201.98
505.995	185.6
506.361	300.28
506.727	189.69
507.092	296.19
507.458	296.19
507.823	267.52
508.189	177.41
508.554	206.08
508.919	283.9
509.284	173.31
509.65	288
510.015	255.23
510.38	292.09
510.745	267.52
511.11	238.84
511.475	210.17
511.84	242.94
512.205	197.88
512.57	308.48
512.935	267.52
513.299	308.48
513.664	369.91
514.029	275.71
514.393	144.64
514.758	296.19
515.122	300.28
515.487	328.95
515.851	226.56
516.216	255.23
516.58	328.95
516.944	288
517.309	267.52
517.673	169.21
518.037	292.09
518.401	263.42
518.765	214.27
519.129	333.05
519.493	242.94
519.857	247.04
520.221	308.48
520.585	316.67
520.948	296.19
521.312	251.13
521.676	283.9
522.039	242.94
522.403	296.19
522.767	263.42
523.13	259.32
523.494	181.5
523.857	271.61
524.22	271.61
524.584	234.75
524.947	259.32
525.31	263.42
525.673	414.97
526.036	255.23
526.399	267.52
526.762	333.05
527.125	296.19
527.488	324.86
527.851	369.91
528.214	341.24
528.577	292.09
528.94	296.19
529.302	304.38
529.665	324.86
530.028	324.86
530.39	353.53
530.753	267.52
531.115	279.8
531.477	189.69
531.84	222.46
532.202	197.88
532.564	324.86
532.927	296.19
533.289	242.94
533.651	201.98
534.013	255.23
534.375	271.61
534.737	361.72
535.099	222.46
535.461	214.27
535.823	283.9
536.185	206.08
536.546	238.84
536.908	308.48
537.27	267.52
537.631	222.46
537.993	328.95
538.354	296.19
538.716	275.71
539.077	124.16
539.439	275.71
539.8	238.84
540.161	214.27
540.522	365.82
540.884	320.76
541.245	312.57
541.606	308.48
541.967	218.36
542.328	292.09
542.689	263.42
543.05	337.15
543.411	328.95
543.771	341.24
544.132	328.95
544.493	333.05
544.854	316.67
545.214	247.04
545.575	279.8
545.935	238.84
546.296	275.71
546.656	161.02
547.017	263.42
547.377	279.8
547.737	296.19
548.098	263.42
548.458	251.13
548.818	369.91
549.178	238.84
549.538	320.76
549.898	242.94
550.258	259.32
550.618	312.57
550.978	341.24
551.338	255.23
551.697	267.52
552.057	214.27
552.417	193.79
552.776	361.72
553.136	230.65
553.496	234.75
553.855	312.57
554.214	292.09
554.574	402.68
554.933	222.46
555.292	255.23
555.652	292.09
556.011	296.19
556.37	333.05
556.729	214.27
557.088	263.42
557.447	197.88
557.806	296.19
558.165	222.46
558.524	234.75
558.883	259.32
559.242	214.27
559.6	275.71
559.959	259.32
560.318	357.63
560.676	201.98
561.035	324.86
561.393	267.52
561.752	357.63
562.11	242.94
562.469	300.28
562.827	197.88
563.185	201.98
563.543	230.65
563.901	242.94
564.26	341.24
564.618	197.88
564.976	173.31
565.334	271.61
565.692	292.09
566.049	95.49
566.407	181.5
566.765	193.79
567.123	263.42
567.48	308.48
567.838	292.09
568.196	374.01
568.553	312.57
568.911	169.21
569.268	333.05
569.626	251.13
569.983	259.32
570.34	288
570.697	206.08
571.055	120.06
571.412	173.31
571.769	333.05
572.126	152.83
572.483	206.08
572.84	173.31
573.197	222.46
573.554	279.8
573.911	337.15
574.267	242.94
574.624	296.19
574.981	320.76
575.337	316.67
575.694	234.75
576.051	230.65
576.407	234.75
576.764	353.53
577.12	275.71
577.476	279.8
577.833	255.23
578.189	210.17
578.545	193.79
578.901	177.41
579.257	263.42
579.613	234.75
579.969	75.01
580.325	120.06
580.681	87.29
581.037	181.5
581.393	288
581.749	173.31
582.105	312.57
582.46	181.5
582.816	283.9
583.172	197.88
583.527	189.69
583.883	91.39
584.238	234.75
584.593	152.83
584.949	283.9
585.304	210.17
585.659	251.13
586.015	238.84
586.37	316.67
586.725	279.8
587.08	378.11
587.435	222.46
587.79	214.27
588.145	279.8
588.5	201.98
588.854	259.32
589.209	259.32
589.564	177.41
589.919	132.35
590.273	210.17
590.628	99.58
590.982	156.93
591.337	165.12
591.691	161.02
592.046	169.21
592.4	136.45
592.754	206.08
593.109	263.42
593.463	185.6
593.817	234.75
594.171	206.08
594.525	259.32
594.879	275.71
595.233	152.83
595.587	144.64
595.941	218.36
596.295	193.79
596.649	382.2
597.002	292.09
597.356	271.61
597.71	214.27
598.063	107.77
598.417	222.46
598.77	222.46
599.124	247.04
599.477	353.53
599.83	288
600.184	279.8
600.537	238.84
600.89	283.9
601.243	173.31
601.596	222.46
601.949	177.41
602.302	189.69
602.655	173.31
603.008	247.04
603.361	140.54
603.714	308.48
604.067	251.13
604.419	115.97
604.772	259.32
605.125	267.52
605.477	210.17
605.83	75.01
606.182	161.02
606.535	161.02
606.887	218.36
607.239	242.94
607.592	177.41
607.944	156.93
608.296	193.79
608.648	304.38
609	308.48
609.352	263.42
609.704	95.49
610.056	259.32
610.408	369.91
610.76	181.5
611.112	177.41
611.464	238.84
611.815	255.23
612.167	201.98
612.519	238.84
612.87	275.71
613.222	238.84
613.573	234.75
613.925	222.46
614.276	271.61
614.627	230.65
614.978	341.24
615.33	210.17
615.681	259.32
616.032	193.79
616.383	148.73
616.734	197.88
617.085	251.13
617.436	144.64
617.787	328.95
618.138	197.88
618.489	259.32
618.839	263.42
619.19	140.54
619.541	201.98
619.891	300.28
620.242	251.13
620.592	218.36
620.943	152.83
621.293	267.52
621.643	169.21
621.994	320.76
622.344	304.38
622.694	173.31
623.044	214.27
623.395	296.19
623.745	316.67
624.095	312.57
624.445	222.46
624.795	144.64
625.144	169.21
625.494	222.46
625.844	128.25
626.194	267.52
626.543	128.25
626.893	214.27
627.243	324.86
627.592	214.27
627.942	222.46
628.291	255.23
628.64	165.12
628.99	259.32
629.339	234.75
629.688	238.84
630.038	214.27
630.387	296.19
630.736	275.71
631.085	206.08
631.434	206.08
631.783	165.12
632.132	140.54
632.481	267.52
632.829	242.94
633.178	189.69
633.527	177.41
633.875	242.94
634.224	316.67
634.573	169.21
634.921	181.5
635.27	206.08
635.618	222.46
635.966	320.76
636.315	201.98
636.663	247.04
637.011	201.98
637.359	222.46
637.708	247.04
638.056	181.5
638.404	398.59
638.752	103.68
639.1	189.69
639.447	222.46
639.795	132.35
640.143	263.42
640.491	169.21
640.839	279.8
641.186	99.58
641.534	169.21
641.881	255.23
642.229	247.04
642.576	238.84
642.924	206.08
643.271	222.46
643.618	165.12
643.966	263.42
644.313	218.36
644.66	165.12
645.007	161.02
645.354	222.46
645.701	206.08
646.048	107.77
646.395	206.08
646.742	283.9
647.089	144.64
647.435	156.93
647.782	111.87
648.129	222.46
648.475	218.36
648.822	308.48
649.169	255.23
649.515	234.75
649.861	181.5
650.208	144.64
650.554	275.71
650.9	312.57
651.247	259.32
651.593	230.65
651.939	169.21
652.285	156.93
652.631	238.84
652.977	189.69
653.323	197.88
653.669	255.23
654.015	165.12
654.361	177.41
654.706	181.5
655.052	271.61
655.398	189.69
655.743	206.08
656.089	234.75
656.434	201.98
656.78	156.93
657.125	169.21
657.47	242.94
657.816	222.46
658.161	214.27
658.506	210.17
658.851	58.62
659.196	132.35
659.542	79.1
659.887	161.02
660.232	99.58
660.576	177.41
660.921	165.12
661.266	169.21
661.611	201.98
661.956	247.04
662.3	222.46
662.645	320.76
662.989	242.94
663.334	161.02
663.678	152.83
664.023	173.31
664.367	173.31
664.712	251.13
665.056	201.98
665.4	230.65
665.744	222.46
666.088	144.64
666.432	197.88
666.776	189.69
667.12	201.98
667.464	218.36
667.808	169.21
668.152	165.12
668.496	173.31
668.84	140.54
669.183	181.5
669.527	177.41
669.871	177.41
670.214	62.72
670.558	206.08
670.901	124.16
671.244	296.19
671.588	156.93
671.931	156.93
672.274	210.17
672.618	189.69
672.961	177.41
673.304	222.46
673.647	201.98
673.99	259.32
674.333	206.08
674.676	201.98
675.019	136.45
675.361	275.71
675.704	242.94
676.047	140.54
676.389	222.46
676.732	337.15
677.075	345.34
677.417	238.84
677.76	70.91
678.102	185.6
678.444	197.88
678.787	156.93
679.129	185.6
679.471	230.65
679.813	95.49
680.155	222.46
680.498	193.79
680.84	189.69
681.182	62.72
681.523	107.77
681.865	152.83
682.207	238.84
682.549	292.09
682.891	238.84
683.232	173.31
683.574	148.73
683.916	292.09
684.257	165.12
684.599	148.73
684.94	210.17
685.281	214.27
685.623	234.75
685.964	193.79
686.305	152.83
686.646	156.93
686.988	148.73
687.329	218.36
687.67	152.83
688.011	185.6
688.352	156.93
688.692	87.29
689.033	173.31
689.374	148.73
689.715	152.83
690.055	173.31
690.396	140.54
690.737	148.73
691.077	177.41
691.418	210.17
691.758	165.12
692.099	144.64
692.439	173.31
692.779	189.69
693.119	193.79
693.46	201.98
693.8	148.73
694.14	144.64
694.48	267.52
694.82	259.32
695.16	148.73
695.5	83.2
695.84	206.08
696.179	152.83
696.519	115.97
696.859	103.68
697.199	91.39
697.538	169.21
697.878	279.8
698.217	115.97
698.557	42.24
698.896	230.65
699.235	132.35
699.575	222.46
699.914	206.08
700.253	222.46
700.592	161.02
700.931	169.21
701.271	132.35
701.61	136.45
701.949	222.46
702.287	161.02
702.626	206.08
702.965	140.54
703.304	267.52
703.643	218.36
703.981	173.31
704.32	152.83
704.658	115.97
704.997	128.25
705.335	206.08
705.674	222.46
706.012	140.54
706.35	328.95
706.689	165.12
707.027	242.94
707.365	271.61
707.703	161.02
708.041	222.46
708.379	169.21
708.717	189.69
709.055	193.79
709.393	128.25
709.731	222.46
710.069	148.73
710.406	128.25
710.744	292.09
711.082	177.41
711.419	206.08
711.757	161.02
712.094	206.08
712.432	247.04
712.769	197.88
713.106	197.88
713.444	193.79
713.781	120.06
714.118	189.69
714.455	218.36
714.792	259.32
715.129	120.06
715.466	66.81
715.803	181.5
716.14	210.17
716.477	173.31
716.814	120.06
717.15	83.2
717.487	161.02
717.824	210.17
718.16	173.31
718.497	185.6
718.833	193.79
719.17	181.5
719.506	316.67
719.842	197.88
720.179	156.93
720.515	165.12
720.851	173.31
721.187	136.45
721.523	87.29
721.859	222.46
722.195	267.52
722.531	177.41
722.867	201.98
723.203	222.46
723.539	242.94
723.874	144.64
724.21	148.73
724.546	230.65
724.881	197.88
725.217	38.14
725.552	181.5
725.888	308.48
726.223	181.5
726.559	95.49
726.894	189.69
727.229	259.32
727.564	181.5
727.899	111.87
728.234	177.41
728.569	193.79
728.904	226.56
729.239	238.84
729.574	197.88
729.909	255.23
730.244	206.08
730.579	279.8
730.913	115.97
731.248	91.39
731.583	185.6
731.917	161.02
732.252	230.65
732.586	267.52
732.92	206.08
733.255	234.75
733.589	210.17
733.923	238.84
734.257	288
734.592	120.06
734.926	115.97
735.26	161.02
735.594	165.12
735.928	42.24
736.261	161.02
736.595	206.08
736.929	87.29
737.263	214.27
737.596	222.46
737.93	222.46
738.264	210.17
738.597	177.41
738.931	38.14
739.264	263.42
739.598	189.69
739.931	124.16
740.264	173.31
740.597	38.14
740.931	132.35
741.264	189.69
741.597	91.39
741.93	136.45
742.263	275.71
742.596	242.94
742.929	124.16
743.261	148.73
743.594	189.69
743.927	193.79
744.26	144.64
744.592	181.5
744.925	128.25
745.257	197.88
745.59	79.1
745.922	83.2
746.255	132.35
746.587	283.9
746.919	214.27
747.252	214.27
747.584	156.93
747.916	197.88
748.248	83.2
748.58	107.77
748.912	177.41
749.244	107.77
749.576	79.1
749.908	238.84
750.239	173.31
750.571	238.84
750.903	222.46
751.234	185.6
751.566	177.41
751.897	234.75
752.229	214.27
752.56	193.79
752.892	148.73
753.223	234.75
753.554	197.88
753.886	210.17
754.217	148.73
754.548	140.54
754.879	201.98
755.21	222.46
755.541	161.02
755.872	193.79
756.203	238.84
756.534	136.45
756.864	120.06
757.195	271.61
757.526	169.21
757.856	124.16
758.187	115.97
758.517	681.21
758.848	165.12
759.178	132.35
759.509	111.87
759.839	210.17
760.169	181.5
760.499	222.46
760.83	214.27
761.16	83.2
761.49	193.79
761.82	206.08
762.15	54.53
762.48	230.65
762.81	169.21
763.139	214.27
763.469	181.5
763.799	300.28
764.129	181.5
764.458	214.27
764.788	251.13
765.117	140.54
765.447	136.45
765.776	296.19
766.105	210.17
766.435	173.31
766.764	304.38
767.093	238.84
767.422	173.31
767.751	214.27
768.081	152.83
768.41	193.79
768.739	177.41
769.067	201.98
769.396	222.46
769.725	247.04
770.054	263.42
770.383	156.93
770.711	165.12
771.04	124.16
771.368	173.31
771.697	136.45
772.025	222.46
772.354	197.88
772.682	99.58
773.01	38.14
773.339	132.35
773.667	136.45
773.995	201.98
774.323	87.29
774.651	152.83
774.979	201.98
775.307	222.46
775.635	263.42
775.963	230.65
776.291	222.46
776.618	288
776.946	222.46
777.274	128.25
777.601	140.54
777.929	111.87
778.256	206.08
778.584	128.25
778.911	251.13
779.238	300.28
779.566	173.31
779.893	267.52
780.22	206.08
780.547	38.14
780.874	148.73
781.201	132.35
781.528	124.16
781.855	140.54
782.182	193.79
782.509	242.94
782.836	263.42
783.162	124.16
783.489	124.16
783.816	140.54
784.142	140.54
784.469	230.65
784.795	210.17
785.122	201.98
785.448	247.04
785.774	46.34
786.101	263.42
786.427	173.31
786.753	242.94
787.079	185.6
787.405	197.88
787.731	132.35
788.057	169.21
788.383	152.83
788.709	201.98
789.035	218.36
789.361	214.27
789.686	193.79
790.012	165.12
790.338	296.19
790.663	173.31
790.989	222.46
791.314	206.08
791.64	111.87
791.965	189.69
792.29	132.35
792.615	144.64
792.941	210.17
793.266	185.6
793.591	181.5
793.916	222.46
794.241	99.58
794.566	136.45
794.891	193.79
795.216	193.79
795.54	140.54
795.865	156.93
796.19	210.17
796.514	144.64
796.839	214.27
797.164	222.46
797.488	161.02
797.813	251.13
798.137	107.77
798.461	128.25
798.786	161.02
799.11	222.46
799.434	222.46
799.758	169.21
800.082	173.31
800.406	201.98
800.73	111.87
801.054	189.69
801.378	156.93
801.702	25.86
802.026	267.52
802.349	230.65
802.673	87.29
802.997	238.84
803.32	271.61
803.644	218.36
803.967	251.13
804.291	165.12
804.614	181.5
804.937	173.31
805.26	161.02
805.584	210.17
805.907	218.36
806.23	132.35
806.553	214.27
806.876	124.16
807.199	120.06
807.522	242.94
807.845	132.35
808.168	128.25
808.49	70.91
808.813	91.39
809.136	214.27
809.458	181.5
809.781	132.35
810.103	132.35
810.426	115.97
810.748	177.41
811.07	279.8
811.393	185.6
811.715	222.46
812.037	140.54
812.359	124.16
812.681	214.27
813.003	206.08
813.325	181.5
813.647	165.12
813.969	107.77
814.291	152.83
814.613	87.29
814.935	120.06
815.256	83.2
815.578	91.39
815.899	165.12
816.221	222.46
816.542	185.6
816.864	156.93
817.185	181.5
817.507	185.6
817.828	214.27
818.149	144.64
818.47	115.97
818.791	115.97
819.112	177.41
819.433	148.73
819.754	140.54
820.075	107.77
820.396	144.64
820.717	296.19
821.038	206.08
821.358	222.46
821.679	185.6
822	173.31
822.32	132.35
822.641	169.21
822.961	279.8
823.281	165.12
823.602	308.48
823.922	181.5
824.242	206.08
824.563	120.06
824.883	189.69
825.203	165.12
825.523	132.35
825.843	255.23
826.163	152.83
826.483	238.84
826.802	115.97
827.122	242.94
827.442	296.19
827.762	238.84
828.081	148.73
828.401	115.97
828.72	214.27
829.04	156.93
829.359	206.08
829.679	156.93
829.998	144.64
830.317	275.71
830.636	107.77
830.955	165.12
831.275	128.25
831.594	161.02
831.913	193.79
832.232	247.04
832.55	111.87
832.869	165.12
833.188	124.16
833.507	99.58
833.826	189.69
834.144	148.73
834.463	255.23
834.781	222.46
835.1	120.06
835.418	255.23
835.737	148.73
836.055	374.01
836.373	144.64
836.691	169.21
837.01	46.34
837.328	165.12
837.646	111.87
837.964	222.46
838.282	230.65
838.6	222.46
838.918	308.48
839.235	279.8
839.553	259.32
839.871	148.73
840.189	189.69
840.506	120.06
840.824	267.52
841.141	161.02
841.459	120.06
841.776	120.06
842.093	115.97
842.411	152.83
842.728	99.58
843.045	115.97
843.362	189.69
843.679	222.46
843.996	144.64
844.313	132.35
844.63	275.71
844.947	132.35
845.264	165.12
845.581	222.46
845.898	193.79
846.214	222.46
846.531	197.88
846.847	189.69
847.164	234.75
847.48	394.49
847.797	218.36
848.113	259.32
848.43	156.93
848.746	197.88
849.062	128.25
849.378	152.83
849.694	95.49
850.01	148.73
850.326	279.8
850.642	222.46
850.958	222.46
851.274	103.68
851.59	128.25
851.906	132.35
852.221	173.31
852.537	99.58
852.853	169.21
853.168	222.46
853.484	201.98
853.799	136.45
854.114	128.25
854.43	148.73
854.745	222.46
855.06	304.38
855.375	197.88
855.691	222.46
856.006	140.54
856.321	193.79
856.636	120.06
856.951	177.41
857.265	156.93
857.58	267.52
857.895	218.36
858.21	259.32
858.524	115.97
858.839	181.5
859.153	177.41
859.468	132.35
859.782	234.75
860.097	169.21
860.411	132.35
860.725	169.21
861.04	222.46
861.354	54.53
861.668	296.19
861.982	193.79
862.296	107.77
862.61	201.98
862.924	181.5
863.238	328.95
863.552	152.83
863.865	144.64
864.179	148.73
864.493	296.19
864.806	189.69
865.12	177.41
865.434	169.21
865.747	161.02
866.06	185.6
866.374	120.06
866.687	193.79
867	292.09
867.314	222.46
867.627	165.12
867.94	234.75
868.253	210.17
868.566	169.21
868.879	201.98
869.192	197.88
869.504	267.52
869.817	795.89
870.13	140.54
870.443	148.73
870.755	136.45
871.068	206.08
871.38	140.54
871.693	197.88
872.005	152.83
872.318	238.84
872.63	173.31
872.942	111.87
873.254	296.19
873.566	70.91
873.879	222.46
874.191	214.27
874.503	115.97
874.815	304.38
875.126	161.02
875.438	263.42
875.75	124.16
876.062	136.45
876.374	173.31
876.685	177.41
876.997	165.12
877.308	193.79
877.62	218.36
877.931	181.5
878.243	144.64
878.554	132.35
878.865	169.21
879.176	193.79
879.487	173.31
879.799	177.41
880.11	79.1
880.421	132.35
880.732	103.68
881.043	120.06
881.353	132.35
881.664	156.93
881.975	66.81
882.286	189.69
882.596	275.71
882.907	267.52
883.217	218.36
883.528	148.73
883.838	107.77
884.149	173.31
884.459	148.73
884.769	165.12
885.079	210.17
885.39	140.54
885.7	308.48
886.01	111.87
886.32	66.81
886.63	206.08
886.94	263.42
887.249	218.36
887.559	214.27
887.869	165.12
888.179	152.83
888.488	210.17
888.798	201.98
889.107	75.01
889.417	189.69
889.726	251.13
890.036	226.56
890.345	222.46
890.654	214.27
890.964	124.16
891.273	242.94
891.582	177.41
891.891	115.97
892.2	165.12
892.509	288
892.818	189.69
893.127	230.65
893.435	120.06
893.744	152.83
894.053	156.93
894.362	247.04
894.67	165.12
894.979	136.45
895.287	201.98
895.596	247.04
895.904	124.16
896.212	169.21
896.521	169.21
896.829	206.08
897.137	99.58
897.445	66.81
897.753	206.08
898.061	79.1
898.369	374.01
898.677	206.08
898.985	115.97
899.293	247.04
899.6	263.42
899.908	107.77
900.216	148.73
900.523	132.35
900.831	222.46
901.138	251.13
901.446	349.43
901.753	193.79
902.061	218.36
902.368	165.12
902.675	140.54
902.982	115.97
903.289	111.87
903.596	210.17
903.903	132.35
904.21	247.04
904.517	288
904.824	161.02
905.131	288
905.438	222.46
905.744	161.02
906.051	300.28
906.358	87.29
906.664	165.12
906.971	247.04
907.277	62.72
907.583	156.93
907.89	136.45
908.196	124.16
908.502	120.06
908.808	181.5
909.115	271.61
909.421	271.61
909.727	107.77
910.033	120.06
910.338	214.27
910.644	218.36
910.95	177.41
911.256	156.93
911.562	259.32
911.867	247.04
912.173	296.19
912.478	177.41
912.784	193.79
913.089	128.25
913.395	177.41
913.7	185.6
914.005	111.87
914.31	79.1
914.616	214.27
914.921	197.88
915.226	181.5
915.531	70.91
915.836	210.17
916.141	177.41
916.445	132.35
916.75	173.31
917.055	115.97
917.36	242.94
917.664	181.5
917.969	124.16
918.273	165.12
918.578	128.25
918.882	152.83
919.187	197.88
919.491	328.95
919.795	312.57
920.099	214.27
920.404	251.13
920.708	197.88
921.012	144.64
921.316	316.67
921.62	197.88
921.924	156.93
922.227	189.69
922.531	103.68
922.835	132.35
923.139	222.46
923.442	185.6
923.746	169.21
924.049	234.75
924.353	189.69
924.656	267.52
924.96	156.93
925.263	79.1
925.566	197.88
925.869	75.01
926.172	132.35
926.476	189.69
926.779	206.08
927.082	132.35
927.385	148.73
927.687	124.16
927.99	132.35
928.293	193.79
928.596	222.46
928.898	91.39
929.201	120.06
929.504	103.68
929.806	218.36
930.109	181.5
930.411	214.27
930.713	165.12
931.016	230.65
931.318	296.19
931.62	79.1
931.922	226.56
932.224	271.61
932.526	128.25
932.828	320.76
933.13	132.35
933.432	177.41
933.734	197.88
934.036	189.69
934.337	152.83
934.639	169.21
934.941	185.6
935.242	222.46
935.544	181.5
935.845	222.46
936.147	226.56
936.448	91.39
936.749	197.88
937.05	161.02
937.352	87.29
937.653	103.68
937.954	218.36
938.255	222.46
938.556	185.6
938.857	206.08
939.158	148.73
939.458	124.16
939.759	115.97
940.06	193.79
940.36	140.54
940.661	173.31
940.962	189.69
941.262	132.35
941.562	259.32
941.863	185.6
942.163	312.57
942.463	177.41
942.764	210.17
943.064	193.79
943.364	255.23
943.664	136.45
943.964	152.83
944.264	120.06
944.564	288
944.864	156.93
945.164	210.17
945.463	140.54
945.763	201.98
946.063	206.08
946.362	242.94
946.662	234.75
946.961	177.41
947.261	177.41
947.56	156.93
947.859	132.35
948.158	152.83
948.458	222.46
948.757	259.32
949.056	222.46
949.355	99.58
949.654	165.12
949.953	132.35
950.252	181.5
950.551	210.17
950.849	128.25
951.148	206.08
951.447	95.49
951.745	193.79
952.044	136.45
952.342	66.81
952.641	238.84
952.939	185.6
953.238	197.88
953.536	136.45
953.834	206.08
954.132	140.54
954.431	87.29
954.729	206.08
955.027	218.36
955.325	267.52
955.623	103.68
955.92	91.39
956.218	87.29
956.516	271.61
956.814	132.35
957.111	173.31
957.409	136.45
957.706	222.46
958.004	148.73
958.301	42.24
958.599	189.69
958.896	140.54
959.193	197.88
959.491	136.45
959.788	132.35
960.085	185.6
960.382	189.69
960.679	210.17
960.976	103.68
961.273	75.01
961.57	267.52
961.866	271.61
962.163	251.13
962.46	197.88
962.756	144.64
963.053	185.6
963.35	177.41
963.646	152.83
963.942	161.02
964.239	242.94
964.535	230.65
964.831	242.94
965.128	308.48
965.424	242.94
965.72	181.5
966.016	177.41
966.312	242.94
966.608	161.02
966.904	177.41
967.2	136.45
967.495	222.46
967.791	214.27
968.087	185.6
968.382	283.9
968.678	120.06
968.973	201.98
969.269	70.91
969.564	173.31
969.86	144.64
970.155	140.54
970.45	99.58
970.745	234.75
971.04	333.05
971.335	222.46
971.63	165.12
971.925	95.49
972.22	222.46
972.515	222.46
972.81	140.54
973.105	222.46
973.399	201.98
973.694	50.43
973.989	95.49
974.283	173.31
974.578	103.68
974.872	161.02
975.166	128.25
975.461	161.02
975.755	103.68
976.049	115.97
976.343	283.9
976.637	185.6
976.931	169.21
977.225	214.27
977.519	222.46
977.813	283.9
978.107	136.45
978.401	177.41
978.695	120.06
978.988	144.64
979.282	169.21
979.575	124.16
979.869	173.31
980.162	70.91
980.456	222.46
980.749	169.21
981.042	91.39
981.336	132.35
981.629	242.94
981.922	99.58
982.215	144.64
982.508	99.58
982.801	115.97
983.094	181.5
983.387	222.46
983.68	214.27
983.972	156.93
984.265	99.58
984.558	263.42
984.85	144.64
985.143	337.15
985.435	156.93
985.728	144.64
986.02	185.6
986.312	222.46
986.605	185.6
986.897	214.27
987.189	140.54
987.481	197.88
987.773	165.12
988.065	128.25
988.357	210.17
988.649	173.31
988.941	222.46
989.233	218.36
989.524	54.53
989.816	115.97
990.108	173.31
990.399	132.35
990.691	136.45
990.982	124.16
991.274	177.41
991.565	136.45
991.856	185.6
992.147	13.57
992.439	107.77
992.73	83.2
993.021	185.6
993.312	120.06
993.603	144.64
993.894	173.31
994.184	120.06
994.475	79.1
994.766	267.52
995.057	177.41
995.347	161.02
995.638	201.98
995.928	165.12
996.219	222.46
996.509	83.2
996.8	169.21
997.09	222.46
997.38	161.02
997.67	193.79
997.961	201.98
998.251	91.39
998.541	132.35
998.831	156.93
999.121	79.1
999.411	156.93
999.7	242.94
999.99	210.17
1000.28	181.5
1000.569	103.68
1000.859	115.97
1001.149	189.69
1001.438	197.88
1001.728	83.2
1002.017	79.1
1002.306	173.31
1002.596	46.34
1002.885	103.68
1003.174	128.25
1003.463	267.52
1003.752	197.88
1004.041	161.02
1004.33	242.94
1004.619	140.54
1004.908	222.46
1005.197	222.46
1005.485	173.31
1005.774	103.68
1006.063	161.02
1006.351	161.02
1006.64	161.02
1006.928	181.5
1007.217	251.13
1007.505	341.24
1007.793	62.72
1008.081	197.88
1008.37	222.46
1008.658	161.02
1008.946	185.6
1009.234	181.5
1009.522	271.61
1009.81	161.02
1010.098	177.41
1010.385	242.94
1010.673	206.08
1010.961	259.32
1011.248	136.45
1011.536	115.97
1011.824	-27.39
1012.111	111.87
1012.398	111.87
1012.686	206.08
1012.973	214.27
1013.26	181.5
1013.548	189.69
1013.835	177.41
1014.122	148.73
1014.409	83.2
1014.696	111.87
1014.983	115.97
1015.27	222.46
1015.557	251.13
1015.843	173.31
1016.13	91.39
1016.417	132.35
1016.703	66.81
1016.99	148.73
1017.276	210.17
1017.563	189.69
1017.849	304.38
1018.135	185.6
1018.422	197.88
1018.708	189.69
1018.994	75.01
1019.28	181.5
1019.566	173.31
1019.852	169.21
1020.138	120.06
1020.424	251.13
1020.71	99.58
1020.996	255.23
1021.281	140.54
1021.567	251.13
1021.853	66.81
1022.138	201.98
1022.424	185.6
1022.709	238.84
1022.995	111.87
1023.28	144.64
1023.565	197.88
1023.851	193.79
1024.136	181.5
1024.421	316.67
1024.706	161.02
1024.991	181.5
1025.276	165.12
1025.561	193.79
1025.846	177.41
1026.13	193.79
1026.415	95.49
1026.7	242.94
1026.984	218.36
1027.269	185.6
1027.554	181.5
1027.838	197.88
1028.122	210.17
1028.407	144.64
