338.731	-141.57
339.117	-141.57
339.503	-141.57
339.889	-63.74
340.274	-39.17
340.66	-59.65
341.046	-84.22
341.431	-88.32
341.817	-133.37
342.202	-170.24
342.588	-88.32
342.973	-112.89
343.359	-47.36
343.744	42.75
344.129	124.67
344.515	34.56
344.9	136.96
345.285	50.94
345.67	-30.98
346.055	104.19
346.44	83.71
346.825	177.92
347.21	112.38
347.595	186.11
347.98	169.73
348.365	218.88
348.75	42.75
349.134	227.07
349.519	206.59
349.904	227.07
350.288	173.82
350.673	182.01
351.057	308.99
351.442	276.22
351.826	247.55
352.211	296.7
352.595	218.88
352.979	177.92
353.364	182.01
353.748	259.84
354.132	186.11
354.516	296.7
354.9	190.21
355.284	190.21
355.668	255.74
356.052	222.97
356.436	104.19
356.82	218.88
357.204	128.77
357.587	198.4
357.971	268.03
358.355	247.55
358.738	161.53
359.122	157.44
359.506	280.32
359.889	136.96
360.272	202.49
360.656	227.07
361.039	141.05
361.423	182.01
361.806	87.81
362.189	255.74
362.572	231.16
362.955	202.49
363.338	190.21
363.721	194.3
364.104	116.48
364.487	1263.34
364.87	222.97
365.253	227.07
365.636	165.63
366.019	239.36
366.401	251.64
366.784	231.16
367.167	190.21
367.549	280.32
367.932	255.74
368.314	349.95
368.697	112.38
369.079	300.8
369.462	157.44
369.844	169.73
370.226	288.51
370.609	304.89
370.991	251.64
371.373	276.22
371.755	116.48
372.137	132.86
372.519	288.51
372.901	308.99
373.283	292.6
373.665	296.7
374.047	308.99
374.428	243.45
374.81	165.63
375.192	308.99
375.574	280.32
375.955	288.51
376.337	243.45
376.718	214.78
377.1	263.93
377.481	272.12
377.863	304.89
378.244	386.81
378.625	329.47
379.006	349.95
379.388	321.28
379.769	456.44
380.15	358.14
380.531	427.77
380.912	431.87
381.293	395
381.674	542.46
382.055	677.62
382.436	513.78
382.816	558.84
383.197	603.89
383.578	558.84
383.959	706.29
384.339	755.44
384.72	874.23
385.1	1230.57
385.481	1066.74
385.861	1111.79
386.242	1255.15
386.622	1468.14
387.002	1496.81
387.383	1746.66
387.763	1677.03
388.143	1971.94
388.523	2213.6
388.903	2516.7
389.283	2668.25
389.663	3045.07
390.043	3286.73
390.423	3507.91
390.803	4036.29
391.183	4748.98
391.562	4925.11
391.942	5863.08
392.322	6305.44
392.701	6784.66
393.081	7239.31
393.461	8504.96
393.84	9111.16
394.22	10237.54
394.599	11503.18
394.978	12715.58
395.358	13428.28
395.737	14263.85
396.116	14636.58
396.495	16320.01
396.874	17307.13
397.254	18785.76
397.633	20215.24
398.012	21263.8
398.391	22820.26
398.769	25294.21
399.148	27968.85
399.527	29627.71
399.906	32019.74
400.285	33711.36
400.663	35411.17
401.042	38671.54
401.421	40572.05
401.799	41567.37
402.178	43144.3
402.556	48620.57
402.934	52823
403.313	52233.19
403.691	54563.78
404.069	54338.5
404.448	53208.02
404.826	55391.15
405.204	53171.16
405.582	49972.23
405.96	50295.81
406.338	50828.28
406.716	46470.2
407.094	48895
407.472	46351.42
407.85	42153.08
408.227	41149.58
408.605	40334.49
408.983	37307.59
409.361	34120.95
409.738	34940.14
410.116	32343.31
410.493	34272.5
410.871	34149.62
411.248	30819.63
411.625	27755.86
412.003	26789.22
412.38	25552.25
412.757	25441.66
413.134	23688.6
413.512	23704.98
413.889	22578.6
414.266	21861.81
414.643	20370.89
415.02	19670.48
415.397	19453.4
415.774	19822.03
416.15	18146.8
416.527	16410.12
416.904	16627.2
417.281	15992.33
417.657	15832.59
418.034	14997.02
418.41	13223.48
418.787	12637.76
419.163	12158.53
419.54	12625.47
419.916	11531.86
420.292	11413.07
420.669	10843.74
421.045	10196.58
421.421	9705.07
421.797	9246.32
422.173	8984.18
422.549	8787.58
422.925	8787.58
423.301	8136.32
423.677	8218.24
424.053	8529.53
424.429	8165
424.805	7788.17
425.181	7145.11
425.556	6633.11
425.932	6768.28
426.307	6624.92
426.683	6223.52
427.059	6043.3
427.434	5772.97
427.809	5420.72
428.185	5920.42
428.56	5686.95
428.935	5437.1
429.311	5015.22
429.686	4933.3
430.061	4986.55
430.436	4867.77
430.811	5019.32
431.186	5056.18
431.561	4388.54
431.936	4675.26
432.311	4806.33
432.686	4556.47
433.06	4581.05
433.435	4130.5
433.81	4056.77
434.185	4384.45
434.559	4400.83
434.934	4499.13
435.308	4306.62
435.683	4597.43
436.057	4372.16
436.431	4347.58
436.806	3995.33
437.18	4163.26
437.554	4327.1
437.928	4089.54
438.303	4368.06
438.677	4081.35
439.051	3802.82
439.425	4138.69
439.799	4175.55
440.173	3991.24
440.546	3827.4
440.92	4085.44
441.294	4118.21
441.668	4163.26
442.041	3864.26
442.415	3700.42
442.789	3352.27
443.162	3413.71
443.536	3630.79
443.909	3630.79
444.283	3139.28
444.656	3249.87
445.029	3561.16
445.403	3258.06
445.776	3069.65
446.149	3307.21
446.522	3401.42
446.895	3114.7
447.268	3016.4
447.641	3122.9
448.014	2905.81
448.387	3008.21
448.76	3045.07
449.133	2889.43
449.505	2901.72
449.878	2758.36
450.251	2561.75
450.624	2852.56
450.996	2774.74
451.369	2815.7
451.741	2770.65
452.114	2696.92
452.486	2758.36
452.858	2643.67
453.231	2512.6
453.603	2623.19
453.975	2516.7
454.347	2455.26
454.719	2393.82
455.091	2508.51
455.464	2590.42
455.835	2553.56
456.207	2643.67
456.579	2471.64
456.951	2430.68
457.323	2344.67
457.695	2442.97
458.066	2483.93
458.438	2213.6
458.81	2475.74
459.181	2422.49
459.553	2307.8
459.924	2504.41
460.296	2676.44
460.667	2344.67
461.038	2270.94
461.41	2365.15
461.781	2635.48
462.152	2463.45
462.523	2475.74
462.894	2270.94
463.266	2352.86
463.637	2221.79
464.008	2479.83
464.378	2463.45
464.749	2615
465.12	2377.44
465.491	2574.04
465.862	2643.67
466.232	2680.54
466.603	2528.99
466.974	2483.93
467.344	2537.18
467.715	2520.79
468.085	2500.31
468.456	2500.31
468.826	2426.59
469.196	2647.77
469.567	2606.81
469.937	2561.75
470.307	2733.78
470.677	2528.99
471.047	2508.51
471.417	2590.42
471.787	2512.6
472.157	2623.19
472.527	2672.34
472.897	2561.75
473.267	2615
473.637	2549.47
474.006	2590.42
474.376	2623.19
474.746	2541.27
475.115	2451.16
475.485	2602.71
475.854	2590.42
476.224	2590.42
476.593	2569.94
476.963	2533.08
477.332	2643.67
477.701	2496.22
478.07	2471.64
478.44	2434.78
478.809	2537.18
479.178	2541.27
479.547	2635.48
479.916	2483.93
480.285	2483.93
480.654	2430.68
481.022	2496.22
481.391	2414.3
481.76	2340.57
482.129	2406.11
482.497	2451.16
482.866	2500.31
483.235	2524.89
483.603	2377.44
483.972	2569.94
484.34	2385.63
484.708	2307.8
485.077	2340.57
485.445	2275.04
485.813	2340.57
486.181	2463.45
486.55	2369.24
486.918	2287.33
487.286	2352.86
487.654	2225.89
488.022	2242.27
488.39	2455.26
488.758	2234.08
489.125	2193.12
489.493	2201.31
489.861	2156.26
490.229	2074.34
490.596	2103.01
490.964	2115.3
491.331	2123.49
491.699	2107.1
492.066	2037.47
492.434	2213.6
492.801	1963.75
493.168	2111.2
493.536	2078.43
493.903	2049.76
494.27	2012.9
494.637	1955.55
495.004	2029.28
495.371	2094.82
495.738	1951.46
496.105	2025.19
496.472	2021.09
496.839	2066.14
497.206	1865.44
497.573	1881.83
497.939	1775.33
498.306	1865.44
498.673	1943.27
499.039	1898.21
499.406	1885.92
499.772	1820.39
500.139	1738.47
500.505	1890.02
500.871	1910.5
501.238	1877.73
501.604	1955.55
501.97	1664.74
502.336	1791.72
502.702	1820.39
503.069	1713.89
503.435	1668.84
503.801	1709.8
504.166	1713.89
504.532	1697.51
504.898	1767.14
505.264	1722.09
505.63	1627.88
505.995	1619.69
506.361	1664.74
506.727	1615.59
507.092	1513.19
507.458	1558.25
507.823	1488.62
508.189	1615.59
508.554	1541.86
508.919	1582.82
509.284	1562.34
509.65	1562.34
510.015	1423.08
510.38	1615.59
510.745	1541.86
511.11	1636.07
511.475	1455.85
511.84	1418.99
512.205	1562.34
512.57	1398.51
512.935	1357.55
513.299	1345.26
513.664	1357.55
514.029	1300.2
514.393	1345.26
514.758	1390.31
515.122	1259.24
515.487	1431.27
515.851	1263.34
516.216	1316.59
516.58	1230.57
516.944	1300.2
517.309	1292.01
517.673	1218.29
518.037	1206
518.401	1156.85
518.765	1042.16
519.129	1332.97
519.493	1115.89
519.857	1189.61
520.221	1206
520.585	1095.41
520.948	1083.12
521.312	1160.94
521.676	1115.89
522.039	1091.31
522.403	1124.08
522.767	1156.85
523.13	988.91
523.494	1058.54
523.857	976.63
524.22	931.57
524.584	1001.2
524.947	993.01
525.31	1079.02
525.673	1033.97
526.036	1013.49
526.399	906.99
526.762	1009.39
527.125	972.53
527.488	1066.74
527.851	1017.58
528.214	1062.64
528.577	960.24
528.94	993.01
529.302	911.09
529.665	947.95
530.028	931.57
530.39	870.13
530.753	902.9
531.115	894.71
531.477	767.73
531.84	919.28
532.202	833.27
532.564	857.84
532.927	849.65
533.289	861.94
533.651	759.54
534.013	841.46
534.375	829.17
534.737	853.75
535.099	1013.49
535.461	845.56
535.823	784.12
536.185	857.84
536.546	820.98
536.908	845.56
537.27	886.51
537.631	784.12
537.993	882.42
538.354	927.47
538.716	829.17
539.077	755.44
539.439	739.06
539.8	616.18
540.161	669.43
540.522	788.21
540.884	780.02
541.245	677.62
541.606	755.44
541.967	788.21
542.328	775.92
542.689	673.53
543.05	747.25
543.411	775.92
543.771	730.87
544.132	685.81
544.493	808.69
544.854	698.1
545.214	849.65
545.575	714.49
545.935	743.16
546.296	599.8
546.656	591.61
547.017	648.95
547.377	689.91
547.737	743.16
548.098	624.37
548.458	726.77
548.818	755.44
549.178	685.81
549.538	739.06
549.898	780.02
550.258	722.68
550.618	628.47
550.978	673.53
551.338	722.68
551.697	755.44
552.057	538.36
552.417	685.81
552.776	661.24
553.136	587.51
553.496	575.22
553.855	595.7
554.214	648.95
554.574	448.25
554.933	632.57
555.292	681.72
555.652	607.99
556.011	620.28
556.37	624.37
556.729	624.37
557.088	427.77
557.447	587.51
557.806	530.17
558.165	493.3
558.524	571.13
558.883	558.84
559.242	534.26
559.6	538.36
559.959	489.21
560.318	558.84
560.676	517.88
561.035	571.13
561.393	493.3
561.752	562.94
562.11	407.29
562.469	567.03
562.827	509.69
563.185	591.61
563.543	571.13
563.901	505.59
564.26	493.3
564.618	509.69
564.976	513.78
565.334	485.11
565.692	509.69
566.049	440.06
566.407	444.15
566.765	562.94
567.123	542.46
567.48	550.65
567.838	472.82
568.196	546.55
568.553	378.62
568.911	558.84
569.268	546.55
569.626	435.96
569.983	415.48
570.34	456.44
570.697	513.78
571.055	403.19
571.412	419.58
571.769	403.19
572.126	415.48
572.483	476.92
572.84	505.59
573.197	435.96
573.554	440.06
573.911	435.96
574.267	390.91
574.624	378.62
574.981	440.06
575.337	354.04
575.694	481.02
576.051	354.04
576.407	423.67
576.764	390.91
577.12	464.63
577.476	259.84
577.833	423.67
578.189	292.6
578.545	399.1
578.901	333.56
579.257	345.85
579.613	509.69
579.969	362.23
580.325	481.02
580.681	358.14
581.037	423.67
581.393	378.62
581.749	415.48
582.105	354.04
582.46	333.56
582.816	468.73
583.172	407.29
583.527	288.51
583.883	378.62
584.238	435.96
584.593	452.35
584.949	411.39
585.304	390.91
585.659	472.82
586.015	313.08
586.37	399.1
586.725	308.99
587.08	395
587.435	386.81
587.79	493.3
588.145	378.62
588.5	419.58
588.854	399.1
589.209	415.48
589.564	448.25
589.919	427.77
590.273	288.51
590.628	345.85
590.982	378.62
591.337	431.87
591.691	345.85
592.046	349.95
592.4	370.43
592.754	268.03
593.109	444.15
593.463	423.67
593.817	370.43
594.171	345.85
594.525	321.28
594.879	321.28
595.233	276.22
595.587	378.62
595.941	374.52
596.295	333.56
596.649	485.11
597.002	362.23
597.356	378.62
597.71	337.66
598.063	300.8
598.417	435.96
598.77	427.77
599.124	321.28
599.477	304.89
599.83	317.18
600.184	460.54
600.537	362.23
600.89	325.37
601.243	313.08
601.596	444.15
601.949	358.14
602.302	370.43
602.655	362.23
603.008	481.02
603.361	354.04
603.714	358.14
604.067	399.1
604.419	407.29
604.772	345.85
605.125	280.32
605.477	390.91
605.83	337.66
606.182	296.7
606.535	251.64
606.887	427.77
607.239	386.81
607.592	288.51
607.944	411.39
608.296	403.19
608.648	329.47
609	452.35
609.352	362.23
609.704	276.22
610.056	403.19
610.408	411.39
610.76	444.15
611.112	370.43
611.464	386.81
611.815	292.6
612.167	325.37
612.519	362.23
612.87	272.12
613.222	448.25
613.573	308.99
613.925	231.16
614.276	214.78
614.627	276.22
614.978	321.28
615.33	284.41
615.681	358.14
616.032	382.71
616.383	231.16
616.734	288.51
617.085	366.33
617.436	231.16
617.787	370.43
618.138	317.18
618.489	206.59
618.839	325.37
619.19	317.18
619.541	132.86
619.891	280.32
620.242	362.23
620.592	366.33
620.943	272.12
621.293	313.08
621.643	362.23
621.994	423.67
622.344	255.74
622.694	407.29
623.044	300.8
623.395	325.37
623.745	308.99
624.095	231.16
624.445	378.62
624.795	198.4
625.144	313.08
625.494	308.99
625.844	333.56
626.194	116.48
626.543	243.45
626.893	177.92
627.243	218.88
627.592	337.66
627.942	304.89
628.291	177.92
628.64	182.01
628.99	337.66
629.339	214.78
629.688	198.4
630.038	300.8
630.387	231.16
630.736	313.08
631.085	300.8
631.434	259.84
631.783	243.45
632.132	366.33
632.481	268.03
632.829	276.22
633.178	300.8
633.527	292.6
633.875	321.28
634.224	304.89
634.573	304.89
634.921	419.58
635.27	157.44
635.618	239.36
635.966	325.37
636.315	182.01
636.663	284.41
637.011	206.59
637.359	276.22
637.708	292.6
638.056	329.47
638.404	345.85
638.752	247.55
639.1	177.92
639.447	272.12
639.795	157.44
640.143	370.43
640.491	292.6
640.839	247.55
641.186	173.82
641.534	255.74
641.881	268.03
642.229	259.84
642.576	296.7
642.924	325.37
643.271	337.66
643.618	280.32
643.966	296.7
644.313	313.08
644.66	247.55
645.007	419.58
645.354	403.19
645.701	251.64
646.048	272.12
646.395	276.22
646.742	243.45
647.089	194.3
647.435	255.74
647.782	255.74
648.129	272.12
648.475	247.55
648.822	325.37
649.169	292.6
649.515	165.63
649.861	202.49
650.208	399.1
650.554	280.32
650.9	329.47
651.247	161.53
651.593	304.89
651.939	186.11
652.285	243.45
652.631	255.74
652.977	214.78
653.323	329.47
653.669	202.49
654.015	231.16
654.361	218.88
654.706	173.82
655.052	218.88
655.398	300.8
655.743	272.12
656.089	255.74
656.434	259.84
656.78	300.8
657.125	263.93
657.47	194.3
657.816	128.77
658.161	251.64
658.506	202.49
658.851	128.77
659.196	132.86
659.542	169.73
659.887	198.4
660.232	149.25
660.576	292.6
660.921	190.21
661.266	136.96
661.611	395
661.956	304.89
662.3	231.16
662.645	214.78
662.989	227.07
663.334	161.53
663.678	300.8
664.023	231.16
664.367	198.4
664.712	308.99
665.056	325.37
665.4	276.22
665.744	218.88
666.088	157.44
666.432	190.21
666.776	202.49
667.12	300.8
667.464	218.88
667.808	231.16
668.152	161.53
668.496	296.7
668.84	222.97
669.183	202.49
669.527	173.82
669.871	198.4
670.214	263.93
670.558	329.47
670.901	251.64
671.244	141.05
671.588	247.55
671.931	194.3
672.274	218.88
672.618	231.16
672.961	333.56
673.304	222.97
673.647	227.07
673.99	329.47
674.333	177.92
674.676	169.73
675.019	83.71
675.361	300.8
675.704	280.32
676.047	247.55
676.389	231.16
676.732	505.59
677.075	304.89
677.417	304.89
677.76	190.21
678.102	186.11
678.444	206.59
678.787	173.82
679.129	132.86
679.471	280.32
679.813	198.4
680.155	231.16
680.498	177.92
680.84	194.3
681.182	235.26
681.523	132.86
681.865	218.88
682.207	202.49
682.549	198.4
682.891	177.92
683.232	206.59
683.574	157.44
683.916	87.81
684.257	128.77
684.599	272.12
684.94	149.25
685.281	263.93
685.623	190.21
685.964	190.21
686.305	251.64
686.646	239.36
686.988	198.4
687.329	280.32
687.67	149.25
688.011	71.42
688.352	227.07
688.692	218.88
689.033	190.21
689.374	136.96
689.715	157.44
690.055	153.34
690.396	149.25
690.737	272.12
691.077	358.14
691.418	153.34
691.758	124.67
692.099	337.66
692.439	149.25
692.779	177.92
693.119	288.51
693.46	308.99
693.8	349.95
694.14	153.34
694.48	337.66
694.82	202.49
695.16	214.78
695.5	243.45
695.84	272.12
696.179	251.64
696.519	317.18
696.859	210.68
697.199	231.16
697.538	292.6
697.878	259.84
698.217	206.59
698.557	222.97
698.896	280.32
699.235	198.4
699.575	341.75
699.914	190.21
700.253	136.96
700.592	231.16
700.931	190.21
701.271	206.59
701.61	136.96
701.949	100.09
702.287	79.61
702.626	100.09
702.965	124.67
703.304	206.59
703.643	186.11
703.981	222.97
704.32	259.84
704.658	288.51
704.997	325.37
705.335	214.78
705.674	186.11
706.012	120.57
706.35	214.78
706.689	247.55
707.027	231.16
707.365	268.03
707.703	247.55
708.041	227.07
708.379	206.59
708.717	177.92
709.055	186.11
709.393	198.4
709.731	165.63
710.069	263.93
710.406	227.07
710.744	317.18
711.082	231.16
711.419	296.7
711.757	186.11
712.094	194.3
712.432	239.36
712.769	231.16
713.106	128.77
713.444	186.11
713.781	296.7
714.118	165.63
714.455	243.45
714.792	325.37
715.129	300.8
715.466	227.07
715.803	194.3
716.14	300.8
716.477	79.61
716.814	231.16
717.15	210.68
717.487	210.68
717.824	243.45
718.16	182.01
718.497	263.93
718.833	182.01
719.17	177.92
719.506	169.73
719.842	239.36
720.179	194.3
720.515	239.36
720.851	227.07
721.187	169.73
721.523	108.29
721.859	104.19
722.195	169.73
722.531	341.75
722.867	358.14
723.203	190.21
723.539	186.11
723.874	190.21
724.21	177.92
724.546	239.36
724.881	83.71
725.217	239.36
725.552	157.44
725.888	222.97
726.223	231.16
726.559	263.93
726.894	169.73
727.229	128.77
727.564	231.16
727.899	149.25
728.234	194.3
728.569	227.07
728.904	227.07
729.239	210.68
729.574	157.44
729.909	186.11
730.244	136.96
730.579	358.14
730.913	157.44
731.248	304.89
731.583	325.37
731.917	190.21
732.252	263.93
732.586	136.96
732.92	304.89
733.255	112.38
733.589	231.16
733.923	251.64
734.257	247.55
734.592	194.3
734.926	186.11
735.26	194.3
735.594	124.67
735.928	177.92
736.261	227.07
736.595	116.48
736.929	231.16
737.263	255.74
737.596	182.01
737.93	272.12
738.264	263.93
738.597	247.55
738.931	214.78
739.264	243.45
739.598	190.21
739.931	222.97
740.264	214.78
740.597	186.11
740.931	100.09
741.264	124.67
741.597	55.04
741.93	231.16
742.263	268.03
742.596	145.15
742.929	173.82
743.261	358.14
743.594	304.89
743.927	227.07
744.26	141.05
744.592	104.19
744.925	182.01
745.257	190.21
745.59	112.38
745.922	259.84
746.255	202.49
746.587	194.3
746.919	280.32
747.252	198.4
747.584	231.16
747.916	202.49
748.248	194.3
748.58	259.84
748.912	276.22
749.244	173.82
749.576	173.82
749.908	218.88
750.239	206.59
750.571	218.88
750.903	165.63
751.234	124.67
751.566	145.15
751.897	120.57
752.229	182.01
752.56	227.07
752.892	206.59
753.223	243.45
753.554	186.11
753.886	251.64
754.217	165.63
754.548	231.16
754.879	202.49
755.21	288.51
755.541	227.07
755.872	227.07
756.203	186.11
756.534	177.92
756.864	79.61
757.195	157.44
757.526	104.19
757.856	136.96
758.187	263.93
758.517	866.03
758.848	251.64
759.178	173.82
759.509	38.66
759.839	231.16
760.169	313.08
760.499	186.11
760.83	145.15
761.16	214.78
761.49	272.12
761.82	272.12
762.15	231.16
762.48	169.73
762.81	214.78
763.139	116.48
763.469	161.53
763.799	227.07
764.129	263.93
764.458	231.16
764.788	182.01
765.117	149.25
765.447	210.68
765.776	210.68
766.105	26.37
766.435	263.93
766.764	169.73
767.093	145.15
767.422	231.16
767.751	173.82
768.081	214.78
768.41	218.88
768.739	153.34
769.067	141.05
769.396	218.88
769.725	173.82
770.054	50.94
770.383	165.63
770.711	145.15
771.04	149.25
771.368	222.97
771.697	227.07
772.025	284.41
772.354	210.68
772.682	268.03
773.01	182.01
773.339	263.93
773.667	173.82
773.995	112.38
774.323	169.73
774.651	210.68
774.979	214.78
775.307	128.77
775.635	136.96
775.963	177.92
776.291	169.73
776.618	30.46
776.946	161.53
777.274	268.03
777.601	149.25
777.929	231.16
778.256	206.59
778.584	186.11
778.911	79.61
779.238	280.32
779.566	145.15
779.893	87.81
780.22	100.09
780.547	182.01
780.874	214.78
781.201	227.07
781.528	169.73
781.855	231.16
782.182	153.34
782.509	202.49
782.836	141.05
783.162	190.21
783.489	112.38
783.816	333.56
784.142	231.16
784.469	186.11
784.795	186.11
785.122	177.92
785.448	218.88
785.774	231.16
786.101	239.36
786.427	214.78
786.753	206.59
787.079	177.92
787.405	206.59
787.731	218.88
788.057	247.55
788.383	276.22
788.709	120.57
789.035	288.51
789.361	100.09
789.686	206.59
790.012	276.22
790.338	231.16
790.663	263.93
790.989	173.82
791.314	296.7
791.64	157.44
791.965	173.82
792.29	231.16
792.615	136.96
792.941	141.05
793.266	141.05
793.591	46.85
793.916	239.36
794.241	182.01
794.566	161.53
794.891	186.11
795.216	161.53
795.54	169.73
795.865	206.59
796.19	263.93
796.514	194.3
796.839	186.11
797.164	272.12
797.488	263.93
797.813	116.48
798.137	218.88
798.461	198.4
798.786	218.88
799.11	206.59
799.434	411.39
799.758	202.49
800.082	194.3
800.406	108.29
800.73	186.11
801.054	198.4
801.378	165.63
801.702	153.34
802.026	222.97
802.349	173.82
802.673	190.21
802.997	194.3
803.32	276.22
803.644	149.25
803.967	259.84
804.291	157.44
804.614	198.4
804.937	304.89
805.26	247.55
805.584	214.78
805.907	190.21
806.23	259.84
806.553	136.96
806.876	177.92
807.199	91.9
807.522	149.25
807.845	145.15
808.168	141.05
808.49	157.44
808.813	145.15
809.136	280.32
809.458	202.49
809.781	218.88
810.103	218.88
810.426	300.8
810.748	202.49
811.07	218.88
811.393	173.82
811.715	247.55
812.037	157.44
812.359	132.86
812.681	112.38
813.003	177.92
813.325	284.41
813.647	198.4
813.969	206.59
814.291	239.36
814.613	108.29
814.935	194.3
815.256	141.05
815.578	227.07
815.899	227.07
816.221	247.55
816.542	251.64
816.864	157.44
817.185	128.77
817.507	227.07
817.828	194.3
818.149	268.03
818.47	231.16
818.791	145.15
819.112	198.4
819.433	222.97
819.754	182.01
820.075	239.36
820.396	128.77
820.717	157.44
821.038	198.4
821.358	210.68
821.679	153.34
822	227.07
822.32	38.66
822.641	251.64
822.961	243.45
823.281	194.3
823.602	268.03
823.922	218.88
824.242	222.97
824.563	182.01
824.883	259.84
825.203	182.01
825.523	247.55
825.843	206.59
826.163	161.53
826.483	202.49
826.802	190.21
827.122	251.64
827.442	210.68
827.762	120.57
828.081	276.22
828.401	304.89
828.72	116.48
829.04	173.82
829.359	169.73
829.679	149.25
829.998	214.78
830.317	112.38
830.636	59.14
830.955	186.11
831.275	227.07
831.594	186.11
831.913	173.82
832.232	263.93
832.55	231.16
832.869	198.4
833.188	345.85
833.507	227.07
833.826	231.16
834.144	173.82
834.463	182.01
834.781	227.07
835.1	173.82
835.418	153.34
835.737	202.49
836.055	222.97
836.373	218.88
836.691	222.97
837.01	112.38
837.328	186.11
837.646	255.74
837.964	206.59
838.282	259.84
838.6	100.09
838.918	227.07
839.235	136.96
839.553	206.59
839.871	149.25
840.189	231.16
840.506	194.3
840.824	227.07
841.141	222.97
841.459	108.29
841.776	182.01
842.093	243.45
842.411	190.21
842.728	136.96
843.045	222.97
843.362	190.21
843.679	218.88
843.996	136.96
844.313	153.34
844.63	239.36
844.947	239.36
845.264	161.53
845.581	177.92
845.898	239.36
846.214	87.81
846.531	141.05
846.847	255.74
847.164	190.21
847.48	313.08
847.797	222.97
848.113	145.15
848.43	190.21
848.746	145.15
849.062	182.01
849.378	263.93
849.694	141.05
850.01	231.16
850.326	169.73
850.642	284.41
850.958	165.63
851.274	231.16
851.59	169.73
851.906	222.97
852.221	276.22
852.537	227.07
852.853	157.44
853.168	87.81
853.484	186.11
853.799	231.16
854.114	141.05
854.43	112.38
854.745	124.67
855.06	259.84
855.375	202.49
855.691	161.53
856.006	276.22
856.321	190.21
856.636	120.57
856.951	157.44
857.265	247.55
857.58	173.82
857.895	239.36
858.21	186.11
858.524	157.44
858.839	128.77
859.153	169.73
859.468	120.57
859.782	214.78
860.097	182.01
860.411	128.77
860.725	202.49
861.04	288.51
861.354	177.92
861.668	268.03
861.982	268.03
862.296	263.93
862.61	190.21
862.924	214.78
863.238	325.37
863.552	222.97
863.865	161.53
864.179	300.8
864.493	243.45
864.806	165.63
865.12	124.67
865.434	186.11
865.747	153.34
866.06	120.57
866.374	149.25
866.687	239.36
867	128.77
867.314	71.42
867.627	210.68
867.94	218.88
868.253	153.34
868.566	202.49
868.879	194.3
869.192	153.34
869.504	190.21
869.817	755.44
870.13	243.45
870.443	259.84
870.755	161.53
871.068	194.3
871.38	190.21
871.693	263.93
872.005	345.85
872.318	210.68
872.63	141.05
872.942	288.51
873.254	222.97
873.566	210.68
873.879	145.15
874.191	141.05
874.503	186.11
874.815	222.97
875.126	263.93
875.438	177.92
875.75	173.82
876.062	272.12
876.374	321.28
876.685	263.93
876.997	329.47
877.308	292.6
877.62	91.9
877.931	177.92
878.243	169.73
878.554	91.9
878.865	231.16
879.176	91.9
879.487	243.45
879.799	141.05
880.11	149.25
880.421	149.25
880.732	247.55
881.043	50.94
881.353	165.63
881.664	153.34
881.975	161.53
882.286	186.11
882.596	169.73
882.907	165.63
883.217	263.93
883.528	149.25
883.838	206.59
884.149	194.3
884.459	194.3
884.769	132.86
885.079	153.34
885.39	100.09
885.7	108.29
886.01	231.16
886.32	145.15
886.63	263.93
886.94	190.21
887.249	194.3
887.559	132.86
887.869	145.15
888.179	120.57
888.488	91.9
888.798	124.67
889.107	161.53
889.417	165.63
889.726	210.68
890.036	194.3
890.345	239.36
890.654	304.89
890.964	292.6
891.273	161.53
891.582	210.68
891.891	288.51
892.2	149.25
892.509	231.16
892.818	247.55
893.127	169.73
893.435	157.44
893.744	227.07
894.053	341.75
894.362	63.23
894.67	231.16
894.979	91.9
895.287	141.05
895.596	124.67
895.904	186.11
896.212	218.88
896.521	202.49
896.829	227.07
897.137	227.07
897.445	136.96
897.753	280.32
898.061	173.82
898.369	141.05
898.677	227.07
898.985	259.84
899.293	132.86
899.6	149.25
899.908	247.55
900.216	390.91
900.523	268.03
900.831	165.63
901.138	284.41
901.446	231.16
901.753	231.16
902.061	308.99
902.368	182.01
902.675	149.25
902.982	198.4
903.289	112.38
903.596	141.05
903.903	206.59
904.21	218.88
904.517	87.81
904.824	222.97
905.131	210.68
905.438	214.78
905.744	259.84
906.051	202.49
906.358	263.93
906.664	345.85
906.971	227.07
907.277	124.67
907.583	202.49
907.89	198.4
908.196	243.45
908.502	153.34
908.808	251.64
909.115	186.11
909.421	182.01
909.727	116.48
910.033	190.21
910.338	169.73
910.644	268.03
910.95	263.93
911.256	263.93
911.562	165.63
911.867	251.64
912.173	108.29
912.478	22.27
912.784	214.78
913.089	194.3
913.395	231.16
913.7	132.86
914.005	206.59
914.31	296.7
914.616	186.11
914.921	169.73
915.226	272.12
915.531	263.93
915.836	145.15
916.141	136.96
916.445	145.15
916.75	255.74
917.055	280.32
917.36	329.47
917.664	218.88
917.969	198.4
918.273	210.68
918.578	153.34
918.882	194.3
919.187	202.49
919.491	722.68
919.795	304.89
920.099	91.9
920.404	231.16
920.708	206.59
921.012	214.78
921.316	337.66
921.62	136.96
921.924	308.99
922.227	120.57
922.531	141.05
922.835	276.22
923.139	198.4
923.442	247.55
923.746	227.07
924.049	190.21
924.353	132.86
924.656	141.05
924.96	337.66
925.263	67.33
925.566	198.4
925.869	165.63
926.172	194.3
926.476	190.21
926.779	268.03
927.082	173.82
927.385	141.05
927.687	79.61
927.99	218.88
928.293	153.34
928.596	87.81
928.898	128.77
929.201	157.44
929.504	161.53
929.806	194.3
930.109	210.68
930.411	231.16
930.713	190.21
931.016	268.03
931.318	157.44
931.62	165.63
931.922	177.92
932.224	218.88
932.526	210.68
932.828	317.18
933.13	272.12
933.432	276.22
933.734	198.4
934.036	161.53
934.337	280.32
934.639	251.64
934.941	169.73
935.242	218.88
935.544	120.57
935.845	247.55
936.147	222.97
936.448	251.64
936.749	75.52
937.05	259.84
937.352	259.84
937.653	71.42
937.954	263.93
938.255	272.12
938.556	358.14
938.857	214.78
939.158	222.97
939.458	214.78
939.759	292.6
940.06	231.16
940.36	218.88
940.661	210.68
940.962	63.23
941.262	173.82
941.562	145.15
941.863	186.11
942.163	227.07
942.463	141.05
942.764	202.49
943.064	280.32
943.364	177.92
943.664	231.16
943.964	190.21
944.264	100.09
944.564	116.48
944.864	165.63
945.164	206.59
945.463	186.11
945.763	268.03
946.063	206.59
946.362	198.4
946.662	231.16
946.961	190.21
947.261	141.05
947.56	276.22
947.859	186.11
948.158	255.74
948.458	218.88
948.757	165.63
949.056	132.86
949.355	161.53
949.654	206.59
949.953	218.88
950.252	284.41
950.551	272.12
950.849	173.82
951.148	186.11
951.447	169.73
951.745	190.21
952.044	227.07
952.342	218.88
952.641	165.63
952.939	96
953.238	247.55
953.536	210.68
953.834	222.97
954.132	112.38
954.431	218.88
954.729	280.32
955.027	173.82
955.325	206.59
955.623	112.38
955.92	173.82
956.218	112.38
956.516	243.45
956.814	198.4
957.111	276.22
957.409	263.93
957.706	96
958.004	222.97
958.301	231.16
958.599	337.66
958.896	300.8
959.193	206.59
959.491	153.34
959.788	165.63
960.085	153.34
960.382	259.84
960.679	182.01
960.976	63.23
961.273	136.96
961.57	169.73
961.866	349.95
962.163	268.03
962.46	112.38
962.756	186.11
963.053	132.86
963.35	112.38
963.646	161.53
963.942	218.88
964.239	235.26
964.535	304.89
964.831	194.3
965.128	177.92
965.424	153.34
965.72	145.15
966.016	251.64
966.312	157.44
966.608	173.82
966.904	104.19
967.2	136.96
967.495	182.01
967.791	153.34
968.087	87.81
968.382	120.57
968.678	231.16
968.973	190.21
969.269	112.38
969.564	272.12
969.86	239.36
970.155	141.05
970.45	251.64
970.745	210.68
971.04	153.34
971.335	141.05
971.63	116.48
971.925	124.67
972.22	227.07
972.515	202.49
972.81	173.82
973.105	96
973.399	161.53
973.694	63.23
973.989	161.53
974.283	210.68
974.578	198.4
974.872	141.05
975.166	79.61
975.461	100.09
975.755	300.8
976.049	272.12
976.343	145.15
976.637	231.16
976.931	141.05
977.225	198.4
977.519	124.67
977.813	116.48
978.107	218.88
978.401	202.49
978.695	218.88
978.988	190.21
979.282	186.11
979.575	263.93
979.869	91.9
980.162	251.64
980.456	280.32
980.749	231.16
981.042	231.16
981.336	202.49
981.629	317.18
981.922	141.05
982.215	243.45
982.508	128.77
982.801	194.3
983.094	157.44
983.387	173.82
983.68	128.77
983.972	194.3
984.265	182.01
984.558	153.34
984.85	308.99
985.143	165.63
985.435	161.53
985.728	132.86
986.02	104.19
986.312	136.96
986.605	132.86
986.897	157.44
987.189	300.8
987.481	202.49
987.773	255.74
988.065	173.82
988.357	243.45
988.649	235.26
988.941	169.73
989.233	71.42
989.524	276.22
989.816	157.44
990.108	280.32
990.399	169.73
990.691	222.97
990.982	247.55
991.274	153.34
991.565	231.16
991.856	231.16
992.147	194.3
992.439	112.38
992.73	120.57
993.021	116.48
993.312	173.82
993.603	161.53
993.894	136.96
994.184	276.22
994.475	157.44
994.766	120.57
995.057	141.05
995.347	173.82
995.638	153.34
995.928	288.51
996.219	222.97
996.509	169.73
996.8	292.6
997.09	149.25
997.38	227.07
997.67	263.93
997.961	182.01
998.251	239.36
998.541	165.63
998.831	165.63
999.121	153.34
999.411	276.22
999.7	173.82
999.99	190.21
1000.28	272.12
1000.569	210.68
1000.859	296.7
1001.149	198.4
1001.438	136.96
1001.728	206.59
1002.017	231.16
1002.306	182.01
1002.596	259.84
1002.885	206.59
1003.174	169.73
1003.463	173.82
1003.752	112.38
1004.041	108.29
1004.33	202.49
1004.619	222.97
1004.908	210.68
1005.197	276.22
1005.485	186.11
1005.774	165.63
1006.063	218.88
1006.351	165.63
1006.64	206.59
1006.928	112.38
1007.217	120.57
1007.505	374.52
1007.793	284.41
1008.081	214.78
1008.37	288.51
1008.658	247.55
1008.946	104.19
1009.234	345.85
1009.522	255.74
1009.81	214.78
1010.098	120.57
1010.385	173.82
1010.673	218.88
1010.961	194.3
1011.248	145.15
1011.536	145.15
1011.824	227.07
1012.111	190.21
1012.398	157.44
1012.686	145.15
1012.973	190.21
1013.26	145.15
1013.548	112.38
1013.835	169.73
1014.122	145.15
1014.409	157.44
1014.696	128.77
1014.983	214.78
1015.27	198.4
1015.557	165.63
1015.843	194.3
1016.13	136.96
1016.417	141.05
1016.703	218.88
1016.99	202.49
1017.276	161.53
1017.563	173.82
1017.849	214.78
1018.135	218.88
1018.422	173.82
1018.708	227.07
1018.994	136.96
1019.28	100.09
1019.566	116.48
1019.852	194.3
1020.138	116.48
1020.424	173.82
1020.71	210.68
1020.996	280.32
1021.281	153.34
1021.567	149.25
1021.853	231.16
1022.138	169.73
1022.424	218.88
1022.709	132.86
1022.995	177.92
1023.28	218.88
1023.565	222.97
1023.851	231.16
1024.136	227.07
1024.421	231.16
1024.706	194.3
1024.991	153.34
1025.276	251.64
1025.561	153.34
1025.846	263.93
1026.13	202.49
1026.415	190.21
1026.7	157.44
1026.984	116.48
1027.269	182.01
1027.554	218.88
1027.838	169.73
1028.122	243.45
1028.407	145.15
