338.731	-106.49
339.117	-106.49
339.503	-106.49
339.889	-139.26
340.274	-28.67
340.66	-94.21
341.046	-102.4
341.431	-98.3
341.817	-172.03
342.202	-16.38
342.588	-53.25
342.973	-200.7
343.359	-16.38
343.744	-4.1
344.129	77.82
344.515	28.67
344.9	28.67
345.285	135.17
345.67	233.47
346.055	24.58
346.44	98.3
346.825	36.86
347.21	4.1
347.595	192.51
347.98	49.15
348.365	90.11
348.75	200.7
349.134	208.89
349.519	172.03
349.904	212.99
350.288	188.41
350.673	139.26
351.057	135.17
351.442	225.28
351.826	204.8
352.211	77.82
352.595	159.74
352.979	286.72
353.364	294.91
353.748	172.03
354.132	253.95
354.516	344.06
354.9	253.95
355.284	200.7
355.668	237.56
356.052	90.11
356.436	155.65
356.82	98.3
357.204	176.13
357.587	294.91
357.971	122.88
358.355	221.18
358.738	135.17
359.122	159.74
359.506	245.76
359.889	135.17
360.272	53.25
360.656	155.65
361.039	180.22
361.423	184.32
361.806	155.65
362.189	204.8
362.572	143.36
362.955	135.17
363.338	167.93
363.721	90.11
364.104	176.13
364.487	1277.93
364.87	253.95
365.253	180.22
365.636	180.22
366.019	86.01
366.401	163.84
366.784	163.84
367.167	135.17
367.549	159.74
367.932	98.3
368.314	131.07
368.697	147.45
369.079	81.92
369.462	90.11
369.844	208.89
370.226	217.08
370.609	229.37
370.991	98.3
371.373	200.7
371.755	77.82
372.137	253.95
372.519	159.74
372.901	200.7
373.283	114.69
373.665	118.78
374.047	196.61
374.428	114.69
374.81	126.97
375.192	151.55
375.574	196.61
375.955	217.08
376.337	143.36
376.718	229.37
377.1	143.36
377.481	176.13
377.863	151.55
378.244	167.93
378.625	208.89
379.006	151.55
379.388	208.89
379.769	122.88
380.15	258.04
380.531	188.41
380.912	245.76
381.293	159.74
381.674	200.7
382.055	139.26
382.436	155.65
382.816	86.01
383.197	98.3
383.578	237.56
383.959	217.08
384.339	192.51
384.72	237.56
385.1	446.46
385.481	122.88
385.861	110.59
386.242	229.37
386.622	233.47
387.002	188.41
387.383	327.68
387.763	225.28
388.143	221.18
388.523	217.08
388.903	290.81
389.283	266.24
389.663	364.54
390.043	290.81
390.423	270.33
390.803	196.61
391.183	356.35
391.562	385.02
391.942	344.06
392.322	393.21
392.701	446.46
393.081	364.54
393.461	331.77
393.84	417.79
394.22	397.31
394.599	450.55
394.978	589.82
395.358	507.9
395.737	602.1
396.116	565.24
396.495	651.25
396.874	757.75
397.254	684.02
397.633	647.16
398.012	868.34
398.391	786.42
398.769	835.57
399.148	880.63
399.527	962.55
399.906	929.78
400.285	1134.57
400.663	1032.18
401.042	1093.62
401.421	1060.85
401.799	1105.9
402.178	1097.71
402.556	1187.82
402.934	1228.78
403.313	1204.21
403.691	1294.32
404.069	1359.85
404.448	1318.89
404.826	1314.8
405.204	1257.45
405.582	1335.28
405.96	1269.74
406.338	1343.47
406.716	1114.1
407.094	1327.08
407.472	1052.66
407.85	1130.48
408.227	1146.86
408.605	1089.52
408.983	974.83
409.361	1040.37
409.738	942.07
410.116	1056.75
410.493	1048.56
410.871	1060.85
411.248	847.86
411.625	724.98
412.003	765.94
412.38	700.41
412.757	790.52
413.134	565.24
413.512	675.83
413.889	790.52
414.266	786.42
414.643	618.49
415.02	622.58
415.397	630.77
415.774	598.01
416.15	741.36
416.527	622.58
416.904	577.53
417.281	516.09
417.657	471.03
418.034	475.13
418.41	380.92
418.787	462.84
419.163	462.84
419.54	569.34
419.916	495.61
420.292	466.94
420.669	548.86
421.045	430.07
421.421	356.35
421.797	393.21
422.173	413.69
422.549	425.98
422.925	303.1
423.301	376.83
423.677	389.11
424.053	417.79
424.429	327.68
424.805	290.81
425.181	393.21
425.556	331.77
425.932	356.35
426.307	249.85
426.683	282.62
427.059	258.04
427.434	262.14
427.809	307.2
428.185	335.87
428.56	225.28
428.935	229.37
429.311	274.43
429.686	335.87
430.061	364.54
430.436	348.15
430.811	290.81
431.186	335.87
431.561	262.14
431.936	118.78
432.311	278.52
432.686	335.87
433.06	311.29
433.435	344.06
433.81	176.13
434.185	262.14
434.559	262.14
434.934	282.62
435.308	339.96
435.683	192.51
436.057	262.14
436.431	253.95
436.806	217.08
437.18	253.95
437.554	294.91
437.928	282.62
438.303	372.73
438.677	303.1
439.051	176.13
439.425	282.62
439.799	262.14
440.173	245.76
440.546	311.29
440.92	348.15
441.294	380.92
441.668	282.62
442.041	331.77
442.415	286.72
442.789	352.25
443.162	282.62
443.536	286.72
443.909	262.14
444.283	327.68
444.656	319.48
445.029	311.29
445.403	278.52
445.776	434.17
446.149	417.79
446.522	327.68
446.895	294.91
447.268	348.15
447.641	212.99
448.014	274.43
448.387	389.11
448.76	217.08
449.133	327.68
449.505	327.68
449.878	315.39
450.251	270.33
450.624	262.14
450.996	225.28
451.369	294.91
451.741	217.08
452.114	217.08
452.486	331.77
452.858	319.48
453.231	143.36
453.603	212.99
453.975	258.04
454.347	196.61
454.719	262.14
455.091	294.91
455.464	274.43
455.835	245.76
456.207	401.4
456.579	290.81
456.951	307.2
457.323	217.08
457.695	294.91
458.066	266.24
458.438	241.66
458.81	196.61
459.181	180.22
459.553	282.62
459.924	245.76
460.296	348.15
460.667	270.33
461.038	290.81
461.41	196.61
461.781	323.58
462.152	241.66
462.523	208.89
462.894	151.55
463.266	200.7
463.637	212.99
464.008	204.8
464.378	245.76
464.749	331.77
465.12	180.22
465.491	278.52
465.862	229.37
466.232	188.41
466.603	229.37
466.974	167.93
467.344	344.06
467.715	204.8
468.085	225.28
468.456	217.08
468.826	229.37
469.196	221.18
469.567	188.41
469.937	282.62
470.307	245.76
470.677	245.76
471.047	163.84
471.417	262.14
471.787	278.52
472.157	315.39
472.527	290.81
472.897	131.07
473.267	188.41
473.637	258.04
474.006	331.77
474.376	233.47
474.746	274.43
475.115	327.68
475.485	253.95
475.854	270.33
476.224	106.49
476.593	294.91
476.963	278.52
477.332	245.76
477.701	212.99
478.07	299
478.44	352.25
478.809	278.52
479.178	237.56
479.547	167.93
479.916	262.14
480.285	172.03
480.654	192.51
481.022	258.04
481.391	282.62
481.76	159.74
482.129	278.52
482.497	327.68
482.866	286.72
483.235	331.77
483.603	299
483.972	176.13
484.34	167.93
484.708	303.1
485.077	217.08
485.445	131.07
485.813	212.99
486.181	237.56
486.55	196.61
486.918	274.43
487.286	344.06
487.654	217.08
488.022	155.65
488.39	274.43
488.758	245.76
489.125	184.32
489.493	217.08
489.861	274.43
490.229	180.22
490.596	204.8
490.964	266.24
491.331	225.28
491.699	245.76
492.066	225.28
492.434	344.06
492.801	274.43
493.168	143.36
493.536	208.89
493.903	245.76
494.27	188.41
494.637	131.07
495.004	114.69
495.371	155.65
495.738	208.89
496.105	200.7
496.472	212.99
496.839	233.47
497.206	192.51
497.573	327.68
497.939	212.99
498.306	135.17
498.673	167.93
499.039	184.32
499.406	196.61
499.772	221.18
500.139	192.51
500.505	221.18
500.871	270.33
501.238	299
501.604	348.15
501.97	253.95
502.336	249.85
502.702	221.18
503.069	172.03
503.435	303.1
503.801	192.51
504.166	270.33
504.532	229.37
504.898	163.84
505.264	151.55
505.63	229.37
505.995	155.65
506.361	262.14
506.727	221.18
507.092	172.03
507.458	262.14
507.823	282.62
508.189	204.8
508.554	249.85
508.919	258.04
509.284	172.03
509.65	245.76
510.015	237.56
510.38	311.29
510.745	106.49
511.11	163.84
511.475	331.77
511.84	155.65
512.205	200.7
512.57	122.88
512.935	196.61
513.299	282.62
513.664	217.08
514.029	241.66
514.393	217.08
514.758	225.28
515.122	208.89
515.487	225.28
515.851	290.81
516.216	204.8
516.58	200.7
516.944	274.43
517.309	225.28
517.673	233.47
518.037	315.39
518.401	311.29
518.765	200.7
519.129	233.47
519.493	172.03
519.857	282.62
520.221	294.91
520.585	217.08
520.948	303.1
521.312	258.04
521.676	245.76
522.039	237.56
522.403	249.85
522.767	245.76
523.13	307.2
523.494	225.28
523.857	208.89
524.22	217.08
524.584	249.85
524.947	217.08
525.31	282.62
525.673	208.89
526.036	290.81
526.399	274.43
526.762	282.62
527.125	315.39
527.488	290.81
527.851	274.43
528.214	274.43
528.577	278.52
528.94	282.62
529.302	225.28
529.665	364.54
530.028	241.66
530.39	331.77
530.753	327.68
531.115	143.36
531.477	266.24
531.84	385.02
532.202	225.28
532.564	327.68
532.927	262.14
533.289	237.56
533.651	188.41
534.013	245.76
534.375	200.7
534.737	299
535.099	294.91
535.461	262.14
535.823	225.28
536.185	266.24
536.546	286.72
536.908	258.04
537.27	266.24
537.631	339.96
537.993	266.24
538.354	270.33
538.716	86.01
539.077	290.81
539.439	290.81
539.8	237.56
540.161	147.45
540.522	315.39
540.884	278.52
541.245	253.95
541.606	118.78
541.967	151.55
542.328	299
542.689	270.33
543.05	270.33
543.411	249.85
543.771	204.8
544.132	192.51
544.493	192.51
544.854	258.04
545.214	286.72
545.575	327.68
545.935	299
546.296	225.28
546.656	221.18
547.017	253.95
547.377	147.45
547.737	163.84
548.098	217.08
548.458	245.76
548.818	344.06
549.178	290.81
549.538	262.14
549.898	188.41
550.258	212.99
550.618	184.32
550.978	303.1
551.338	385.02
551.697	221.18
552.057	331.77
552.417	303.1
552.776	294.91
553.136	212.99
553.496	249.85
553.855	229.37
554.214	192.51
554.574	335.87
554.933	421.88
555.292	253.95
555.652	126.97
556.011	180.22
556.37	184.32
556.729	274.43
557.088	266.24
557.447	311.29
557.806	167.93
558.165	151.55
558.524	245.76
558.883	151.55
559.242	266.24
559.6	139.26
559.959	139.26
560.318	253.95
560.676	286.72
561.035	344.06
561.393	241.66
561.752	159.74
562.11	208.89
562.469	106.49
562.827	212.99
563.185	339.96
563.543	139.26
563.901	233.47
564.26	262.14
564.618	163.84
564.976	200.7
565.334	114.69
565.692	57.34
566.049	315.39
566.407	311.29
566.765	217.08
567.123	217.08
567.48	262.14
567.838	360.44
568.196	458.75
568.553	278.52
568.911	245.76
569.268	339.96
569.626	208.89
569.983	163.84
570.34	200.7
570.697	196.61
571.055	176.13
571.412	131.07
571.769	163.84
572.126	253.95
572.483	208.89
572.84	192.51
573.197	196.61
573.554	229.37
573.911	286.72
574.267	188.41
574.624	73.73
574.981	270.33
575.337	286.72
575.694	180.22
576.051	282.62
576.407	237.56
576.764	221.18
577.12	204.8
577.476	233.47
577.833	212.99
578.189	229.37
578.545	217.08
578.901	266.24
579.257	167.93
579.613	151.55
579.969	188.41
580.325	225.28
580.681	266.24
581.037	122.88
581.393	286.72
581.749	208.89
582.105	286.72
582.46	184.32
582.816	241.66
583.172	176.13
583.527	163.84
583.883	319.48
584.238	245.76
584.593	204.8
584.949	106.49
585.304	217.08
585.659	294.91
586.015	208.89
586.37	167.93
586.725	188.41
587.08	307.2
587.435	294.91
587.79	163.84
588.145	126.97
588.5	114.69
588.854	303.1
589.209	106.49
589.564	163.84
589.919	278.52
590.273	282.62
590.628	159.74
590.982	184.32
591.337	217.08
591.691	237.56
592.046	172.03
592.4	131.07
592.754	233.47
593.109	258.04
593.463	217.08
593.817	188.41
594.171	139.26
594.525	266.24
594.879	208.89
595.233	180.22
595.587	253.95
595.941	241.66
596.295	229.37
596.649	409.59
597.002	319.48
597.356	184.32
597.71	229.37
598.063	151.55
598.417	360.44
598.77	233.47
599.124	208.89
599.477	131.07
599.83	229.37
600.184	212.99
600.537	327.68
600.89	86.01
601.243	233.47
601.596	139.26
601.949	245.76
602.302	270.33
602.655	245.76
603.008	286.72
603.361	180.22
603.714	290.81
604.067	163.84
604.419	151.55
604.772	221.18
605.125	274.43
605.477	258.04
605.83	208.89
606.182	237.56
606.535	274.43
606.887	303.1
607.239	139.26
607.592	196.61
607.944	172.03
608.296	163.84
608.648	200.7
609	151.55
609.352	167.93
609.704	221.18
610.056	217.08
610.408	180.22
610.76	151.55
611.112	221.18
611.464	286.72
611.815	274.43
612.167	237.56
612.519	180.22
612.87	245.76
613.222	208.89
613.573	319.48
613.925	155.65
614.276	102.4
614.627	98.3
614.978	233.47
615.33	94.21
615.681	299
616.032	282.62
616.383	274.43
616.734	290.81
617.085	282.62
617.436	159.74
617.787	217.08
618.138	204.8
618.489	233.47
618.839	126.97
619.19	90.11
619.541	167.93
619.891	114.69
620.242	184.32
620.592	118.78
620.943	233.47
621.293	172.03
621.643	188.41
621.994	208.89
622.344	241.66
622.694	299
623.044	307.2
623.395	122.88
623.745	200.7
624.095	172.03
624.445	217.08
624.795	176.13
625.144	204.8
625.494	118.78
625.844	167.93
626.194	311.29
626.543	245.76
626.893	245.76
627.243	282.62
627.592	217.08
627.942	221.18
628.291	212.99
628.64	102.4
628.99	397.31
629.339	233.47
629.688	180.22
630.038	192.51
630.387	147.45
630.736	200.7
631.085	81.92
631.434	176.13
631.783	221.18
632.132	204.8
632.481	274.43
632.829	237.56
633.178	245.76
633.527	192.51
633.875	274.43
634.224	212.99
634.573	249.85
634.921	126.97
635.27	135.17
635.618	122.88
635.966	151.55
636.315	139.26
636.663	147.45
637.011	102.4
637.359	94.21
637.708	253.95
638.056	139.26
638.404	393.21
638.752	217.08
639.1	245.76
639.447	126.97
639.795	163.84
640.143	98.3
640.491	348.15
640.839	208.89
641.186	282.62
641.534	245.76
641.881	65.54
642.229	167.93
642.576	294.91
642.924	155.65
643.271	233.47
643.618	135.17
643.966	167.93
644.313	286.72
644.66	221.18
645.007	282.62
645.354	278.52
645.701	126.97
646.048	151.55
646.395	208.89
646.742	192.51
647.089	307.2
647.435	229.37
647.782	163.84
648.129	233.47
648.475	245.76
648.822	217.08
649.169	155.65
649.515	114.69
649.861	286.72
650.208	270.33
650.554	163.84
650.9	229.37
651.247	126.97
651.593	73.73
651.939	167.93
652.285	307.2
652.631	233.47
652.977	212.99
653.323	274.43
653.669	348.15
654.015	245.76
654.361	229.37
654.706	163.84
655.052	278.52
655.398	319.48
655.743	61.44
656.089	147.45
656.434	143.36
656.78	155.65
657.125	225.28
657.47	200.7
657.816	319.48
658.161	184.32
658.506	188.41
658.851	258.04
659.196	126.97
659.542	139.26
659.887	102.4
660.232	229.37
660.576	28.67
660.921	139.26
661.266	221.18
661.611	303.1
661.956	204.8
662.3	110.59
662.645	143.36
662.989	225.28
663.334	126.97
663.678	122.88
664.023	204.8
664.367	303.1
664.712	155.65
665.056	229.37
665.4	163.84
665.744	180.22
666.088	221.18
666.432	188.41
666.776	184.32
667.12	241.66
667.464	110.59
667.808	241.66
668.152	110.59
668.496	167.93
668.84	315.39
669.183	245.76
669.527	212.99
669.871	200.7
670.214	188.41
670.558	176.13
670.901	94.21
671.244	159.74
671.588	159.74
671.931	151.55
672.274	196.61
672.618	245.76
672.961	200.7
673.304	229.37
673.647	102.4
673.99	172.03
674.333	86.01
674.676	143.36
675.019	217.08
675.361	122.88
675.704	98.3
676.047	212.99
676.389	106.49
676.732	425.98
677.075	278.52
677.417	233.47
677.76	245.76
678.102	135.17
678.444	225.28
678.787	266.24
679.129	110.59
679.471	172.03
679.813	258.04
680.155	86.01
680.498	139.26
680.84	229.37
681.182	188.41
681.523	118.78
681.865	200.7
682.207	126.97
682.549	208.89
682.891	155.65
683.232	110.59
683.574	139.26
683.916	16.38
684.257	106.49
684.599	61.44
684.94	114.69
685.281	81.92
685.623	212.99
685.964	200.7
686.305	163.84
686.646	180.22
686.988	184.32
687.329	131.07
687.67	110.59
688.011	229.37
688.352	249.85
688.692	102.4
689.033	176.13
689.374	196.61
689.715	176.13
690.055	163.84
690.396	253.95
690.737	172.03
691.077	229.37
691.418	167.93
691.758	204.8
692.099	147.45
692.439	151.55
692.779	167.93
693.119	200.7
693.46	237.56
693.8	270.33
694.14	184.32
694.48	245.76
694.82	172.03
695.16	253.95
695.5	143.36
695.84	278.52
696.179	196.61
696.519	180.22
696.859	114.69
697.199	-4.1
697.538	192.51
697.878	172.03
698.217	122.88
698.557	319.48
698.896	282.62
699.235	122.88
699.575	245.76
699.914	221.18
700.253	331.77
700.592	155.65
700.931	151.55
701.271	196.61
701.61	200.7
701.949	253.95
702.287	126.97
702.626	-16.38
702.965	110.59
703.304	139.26
703.643	221.18
703.981	237.56
704.32	188.41
704.658	184.32
704.997	73.73
705.335	184.32
705.674	139.26
706.012	167.93
706.35	135.17
706.689	102.4
707.027	143.36
707.365	61.44
707.703	155.65
708.041	167.93
708.379	180.22
708.717	196.61
709.055	131.07
709.393	102.4
709.731	163.84
710.069	184.32
710.406	200.7
710.744	327.68
711.082	143.36
711.419	98.3
711.757	208.89
712.094	172.03
712.432	204.8
712.769	4.1
713.106	45.06
713.444	262.14
713.781	159.74
714.118	180.22
714.455	200.7
714.792	200.7
715.129	200.7
715.466	102.4
715.803	131.07
716.14	192.51
716.477	155.65
716.814	155.65
717.15	253.95
717.487	176.13
717.824	245.76
718.16	86.01
718.497	208.89
718.833	303.1
719.17	315.39
719.506	69.63
719.842	163.84
720.179	151.55
720.515	258.04
720.851	225.28
721.187	192.51
721.523	233.47
721.859	217.08
722.195	192.51
722.531	266.24
722.867	147.45
723.203	73.73
723.539	36.86
723.874	184.32
